0:98:95:90:0:0:0:0:0:0:0:0:0:0
98:0:87:0:0:0:0:93:0:0:0:0:0:0
95:87:0:0:0:98:0:0:0:0:0:0:0:0
90:0:0:0:92:0:0:0:90:0:0:0:0:0
0:0:0:92:0:96:89:0:0:0:0:0:0:0
0:0:98:0:96:0:0:0:0:87:0:0:93:0
0:0:0:0:89:0:0:90:0:0:0:0:0:0
0:93:0:0:0:0:90:0:0:0:86:0:0:0
0:0:0:90:0:0:0:0:0:0:0:97:0:97
0:0:0:0:0:87:0:0:0:0:99:0:0:0
0:0:0:0:0:0:0:86:0:99:0:91:0:93
0:0:0:0:0:0:0:0:97:0:91:0:98:0
0:0:0:0:0:93:0:0:0:0:0:98:0:94
0:0:0:0:0:0:0:0:97:0:93:0:94:0

0:84:72:75:0:0:0:0:0:0:0:0:0:0
84:0:66:0:0:0:0:75:0:0:0:0:0:0
72:66:0:0:0:70:0:0:0:0:0:0:0:0
75:0:0:0:65:0:0:0:78:0:0:0:0:0
0:0:0:65:0:47:54:0:0:0:0:0:0:0
0:0:70:0:47:0:0:0:0:30:0:0:33:0
0:0:0:0:54:0:0:44:0:0:0:0:0:0
0:75:0:0:0:0:44:0:0:0:87:0:0:0
0:0:0:78:0:0:0:0:0:0:0:67:0:92
0:0:0:0:0:30:0:0:0:0:47:0:0:0
0:0:0:0:0:0:0:87:0:47:0:96:0:92
0:0:0:0:0:0:0:0:67:0:96:0:89:0
0:0:0:0:0:33:0:0:0:0:0:89:0:42
0:0:0:0:0:0:0:0:92:0:92:0:42:0

0:11:21:23:0:0:0:0:0:0:0:0:0:0
11:0:26:0:0:0:0:17:0:0:0:0:0:0
21:26:0:0:0:21:0:0:0:0:0:0:0:0
23:0:0:0:17:0:0:0:11:0:0:0:0:0
0:0:0:17:0:5:42:0:0:0:0:0:0:0
0:0:21:0:5:0:0:0:0:41:0:0:7:0
0:0:0:0:42:0:0:9:0:0:0:0:0:0
0:17:0:0:0:0:9:0:0:0:4:0:0:0
0:0:0:11:0:0:0:0:0:0:0:18:0:4
0:0:0:0:0:41:0:0:0:0:28:0:0:0
0:0:0:0:0:0:0:4:0:28:0:0:0:8
0:0:0:0:0:0:0:0:18:0:0:0:7:0
0:0:0:0:0:7:0:0:0:0:0:7:0:58
0:0:0:0:0:0:0:0:4:0:8:0:58:0

5:99
35:96
6:99
19:97
21:90
5:97
22:94
5:98
13:95
35:92
11:92
5:94
13:90
15:95
