0:99:87:96:0:0:0:0:0:0:0:0:0:0
99:0:98:0:0:0:0:90:0:0:0:0:0:0
87:98:0:0:0:85:0:0:0:0:0:0:0:0
96:0:0:0:89:0:0:0:88:0:0:0:0:0
0:0:0:89:0:91:86:0:0:0:0:0:0:0
0:0:85:0:91:0:0:0:0:86:0:0:96:0
0:0:0:0:86:0:0:98:0:0:0:0:0:0
0:90:0:0:0:0:98:0:0:0:97:0:0:0
0:0:0:88:0:0:0:0:0:0:0:91:0:93
0:0:0:0:0:86:0:0:0:0:91:0:0:0
0:0:0:0:0:0:0:97:0:91:0:94:0:98
0:0:0:0:0:0:0:0:91:0:94:0:91:0
0:0:0:0:0:96:0:0:0:0:0:91:0:98
0:0:0:0:0:0:0:0:93:0:98:0:98:0

0:40:99:98:0:0:0:0:0:0:0:0:0:0
40:0:82:0:0:0:0:31:0:0:0:0:0:0
99:82:0:0:0:74:0:0:0:0:0:0:0:0
98:0:0:0:60:0:0:0:31:0:0:0:0:0
0:0:0:60:0:77:93:0:0:0:0:0:0:0
0:0:74:0:77:0:0:0:0:80:0:0:63:0
0:0:0:0:93:0:0:81:0:0:0:0:0:0
0:31:0:0:0:0:81:0:0:0:72:0:0:0
0:0:0:31:0:0:0:0:0:0:0:63:0:52
0:0:0:0:0:80:0:0:0:0:99:0:0:0
0:0:0:0:0:0:0:72:0:99:0:80:0:87
0:0:0:0:0:0:0:0:63:0:80:0:92:0
0:0:0:0:0:63:0:0:0:0:0:92:0:67
0:0:0:0:0:0:0:0:52:0:87:0:67:0

0:26:1:1:0:0:0:0:0:0:0:0:0:0
26:0:4:0:0:0:0:39:0:0:0:0:0:0
1:4:0:0:0:16:0:0:0:0:0:0:0:0
1:0:0:0:25:0:0:0:49:0:0:0:0:0
0:0:0:25:0:4:0:0:0:0:0:0:0:0
0:0:16:0:4:0:0:0:0:20:0:0:0:0
0:0:0:0:0:0:0:1:0:0:0:0:0:0
0:39:0:0:0:0:1:0:0:0:27:0:0:0
0:0:0:49:0:0:0:0:0:0:0:28:0:14
0:0:0:0:0:20:0:0:0:0:1:0:0:0
0:0:0:0:0:0:0:27:0:1:0:7:0:8
0:0:0:0:0:0:0:0:28:0:7:0:4:0
0:0:0:0:0:0:0:0:0:0:0:4:0:7
0:0:0:0:0:0:0:0:14:0:8:0:7:0

23:94
26:94
13:94
23:93
9:93
26:91
13:93
35:96
33:93
31:99
5:99
19:95
25:97
32:94
