0:91:99:90:0:0:0:0:0:0:0:0:0:0
91:0:87:0:0:0:0:99:0:0:0:0:0:0
99:87:0:0:0:89:0:0:0:0:0:0:0:0
90:0:0:0:86:0:0:0:98:0:0:0:0:0
0:0:0:86:0:90:92:0:0:0:0:0:0:0
0:0:89:0:90:0:0:0:0:86:0:0:95:0
0:0:0:0:92:0:0:91:0:0:0:0:0:0
0:99:0:0:0:0:91:0:0:0:98:0:0:0
0:0:0:98:0:0:0:0:0:0:0:85:0:92
0:0:0:0:0:86:0:0:0:0:85:0:0:0
0:0:0:0:0:0:0:98:0:85:0:97:0:87
0:0:0:0:0:0:0:0:85:0:97:0:99:0
0:0:0:0:0:95:0:0:0:0:0:99:0:89
0:0:0:0:0:0:0:0:92:0:87:0:89:0

0:52:72:41:0:0:0:0:0:0:0:0:0:0
52:0:48:0:0:0:0:69:0:0:0:0:0:0
72:48:0:0:0:85:0:0:0:0:0:0:0:0
41:0:0:0:61:0:0:0:58:0:0:0:0:0
0:0:0:61:0:56:89:0:0:0:0:0:0:0
0:0:85:0:56:0:0:0:0:54:0:0:98:0
0:0:0:0:89:0:0:50:0:0:0:0:0:0
0:69:0:0:0:0:50:0:0:0:64:0:0:0
0:0:0:58:0:0:0:0:0:0:0:71:0:39
0:0:0:0:0:54:0:0:0:0:52:0:0:0
0:0:0:0:0:0:0:64:0:52:0:90:0:99
0:0:0:0:0:0:0:0:71:0:90:0:98:0
0:0:0:0:0:98:0:0:0:0:0:98:0:99
0:0:0:0:0:0:0:0:39:0:99:0:99:0

0:26:11:58:0:0:0:0:0:0:0:0:0:0
26:0:31:0:0:0:0:22:0:0:0:0:0:0
11:31:0:0:0:12:0:0:0:0:0:0:0:0
58:0:0:0:18:0:0:0:14:0:0:0:0:0
0:0:0:18:0:6:9:0:0:0:0:0:0:0
0:0:12:0:6:0:0:0:0:0:0:0:1:0
0:0:0:0:9:0:0:33:0:0:0:0:0:0
0:22:0:0:0:0:33:0:0:0:19:0:0:0
0:0:0:14:0:0:0:0:0:0:0:23:0:13
0:0:0:0:0:0:0:0:0:0:19:0:0:0
0:0:0:0:0:0:0:19:0:19:0:2:0:0
0:0:0:0:0:0:0:0:23:0:2:0:1:0
0:0:0:0:0:1:0:0:0:0:0:1:0:0
0:0:0:0:0:0:0:0:13:0:0:0:0:0

7:93
30:97
24:99
30:94
26:96
35:92
34:98
23:93
10:96
5:95
6:96
31:97
28:91
7:94
