0:94:86:85:0:0:0:0:0:0:0:0:0:0
94:0:94:0:0:0:0:91:0:0:0:0:0:0
86:94:0:0:0:98:0:0:0:0:0:0:0:0
85:0:0:0:98:0:0:0:99:0:0:0:0:0
0:0:0:98:0:96:87:0:0:0:0:0:0:0
0:0:98:0:96:0:0:0:0:88:0:0:91:0
0:0:0:0:87:0:0:97:0:0:0:0:0:0
0:91:0:0:0:0:97:0:0:0:92:0:0:0
0:0:0:99:0:0:0:0:0:0:0:91:0:99
0:0:0:0:0:88:0:0:0:0:87:0:0:0
0:0:0:0:0:0:0:92:0:87:0:99:0:97
0:0:0:0:0:0:0:0:91:0:99:0:95:0
0:0:0:0:0:91:0:0:0:0:0:95:0:94
0:0:0:0:0:0:0:0:99:0:97:0:94:0

0:76:41:32:0:0:0:0:0:0:0:0:0:0
76:0:32:0:0:0:0:50:0:0:0:0:0:0
41:32:0:0:0:94:0:0:0:0:0:0:0:0
32:0:0:0:47:0:0:0:31:0:0:0:0:0
0:0:0:47:0:77:40:0:0:0:0:0:0:0
0:0:94:0:77:0:0:0:0:61:0:0:41:0
0:0:0:0:40:0:0:88:0:0:0:0:0:0
0:50:0:0:0:0:88:0:0:0:59:0:0:0
0:0:0:31:0:0:0:0:0:0:0:77:0:49
0:0:0:0:0:61:0:0:0:0:99:0:0:0
0:0:0:0:0:0:0:59:0:99:0:43:0:78
0:0:0:0:0:0:0:0:77:0:43:0:64:0
0:0:0:0:0:41:0:0:0:0:0:64:0:82
0:0:0:0:0:0:0:0:49:0:78:0:82:0

0:2:14:53:0:0:0:0:0:0:0:0:0:0
2:0:45:0:0:0:0:6:0:0:0:0:0:0
14:45:0:0:0:6:0:0:0:0:0:0:0:0
53:0:0:0:4:0:0:0:37:0:0:0:0:0
0:0:0:4:0:0:60:0:0:0:0:0:0:0
0:0:6:0:0:0:0:0:0:3:0:0:45:0
0:0:0:0:60:0:0:4:0:0:0:0:0:0
0:6:0:0:0:0:4:0:0:0:9:0:0:0
0:0:0:37:0:0:0:0:0:0:0:3:0:29
0:0:0:0:0:3:0:0:0:0:1:0:0:0
0:0:0:0:0:0:0:9:0:1:0:54:0:14
0:0:0:0:0:0:0:0:3:0:54:0:26:0
0:0:0:0:0:45:0:0:0:0:0:26:0:16
0:0:0:0:0:0:0:0:29:0:14:0:16:0

20:94
24:90
16:92
11:99
27:93
18:90
5:92
6:98
27:90
26:90
5:93
9:97
34:92
34:93
