0:92:98:87:0:0:0:0:0:0:0:0:0:0
92:0:90:0:0:0:0:86:0:0:0:0:0:0
98:90:0:0:0:89:0:0:0:0:0:0:0:0
87:0:0:0:87:0:0:0:90:0:0:0:0:0
0:0:0:87:0:88:85:0:0:0:0:0:0:0
0:0:89:0:88:0:0:0:0:91:0:0:96:0
0:0:0:0:85:0:0:91:0:0:0:0:0:0
0:86:0:0:0:0:91:0:0:0:90:0:0:0
0:0:0:90:0:0:0:0:0:0:0:97:0:90
0:0:0:0:0:91:0:0:0:0:90:0:0:0
0:0:0:0:0:0:0:90:0:90:0:90:0:88
0:0:0:0:0:0:0:0:97:0:90:0:95:0
0:0:0:0:0:96:0:0:0:0:0:95:0:90
0:0:0:0:0:0:0:0:90:0:88:0:90:0

0:98:49:38:0:0:0:0:0:0:0:0:0:0
98:0:40:0:0:0:0:58:0:0:0:0:0:0
49:40:0:0:0:83:0:0:0:0:0:0:0:0
38:0:0:0:44:0:0:0:42:0:0:0:0:0
0:0:0:44:0:33:73:0:0:0:0:0:0:0
0:0:83:0:33:0:0:0:0:98:0:0:90:0
0:0:0:0:73:0:0:54:0:0:0:0:0:0
0:58:0:0:0:0:54:0:0:0:90:0:0:0
0:0:0:42:0:0:0:0:0:0:0:47:0:88
0:0:0:0:0:98:0:0:0:0:32:0:0:0
0:0:0:0:0:0:0:90:0:32:0:96:0:58
0:0:0:0:0:0:0:0:47:0:96:0:94:0
0:0:0:0:0:90:0:0:0:0:0:94:0:45
0:0:0:0:0:0:0:0:88:0:58:0:45:0

0:0:6:12:0:0:0:0:0:0:0:0:0:0
0:0:0:0:0:0:0:40:0:0:0:0:0:0
6:0:0:0:0:14:0:0:0:0:0:0:0:0
12:0:0:0:12:0:0:0:8:0:0:0:0:0
0:0:0:12:0:42:13:0:0:0:0:0:0:0
0:0:14:0:42:0:0:0:0:1:0:0:2:0
0:0:0:0:13:0:0:2:0:0:0:0:0:0
0:40:0:0:0:0:2:0:0:0:9:0:0:0
0:0:0:8:0:0:0:0:0:0:0:1:0:10
0:0:0:0:0:1:0:0:0:0:27:0:0:0
0:0:0:0:0:0:0:9:0:27:0:2:0:26
0:0:0:0:0:0:0:0:1:0:2:0:2:0
0:0:0:0:0:2:0:0:0:0:0:2:0:27
0:0:0:0:0:0:0:0:10:0:26:0:27:0

17:93
31:91
34:96
21:99
14:97
26:97
20:99
20:91
30:94
23:91
19:96
27:96
32:97
9:95
