0:94:97:90:0:0:0:0:0:0:0:0:0:0
94:0:95:0:0:0:0:96:0:0:0:0:0:0
97:95:0:0:0:96:0:0:0:0:0:0:0:0
90:0:0:0:96:0:0:0:99:0:0:0:0:0
0:0:0:96:0:98:99:0:0:0:0:0:0:0
0:0:96:0:98:0:0:0:0:89:0:0:87:0
0:0:0:0:99:0:0:97:0:0:0:0:0:0
0:96:0:0:0:0:97:0:0:0:94:0:0:0
0:0:0:99:0:0:0:0:0:0:0:88:0:90
0:0:0:0:0:89:0:0:0:0:95:0:0:0
0:0:0:0:0:0:0:94:0:95:0:86:0:99
0:0:0:0:0:0:0:0:88:0:86:0:92:0
0:0:0:0:0:87:0:0:0:0:0:92:0:95
0:0:0:0:0:0:0:0:90:0:99:0:95:0

0:65:74:73:0:0:0:0:0:0:0:0:0:0
65:0:85:0:0:0:0:96:0:0:0:0:0:0
74:85:0:0:0:58:0:0:0:0:0:0:0:0
73:0:0:0:87:0:0:0:51:0:0:0:0:0
0:0:0:87:0:36:36:0:0:0:0:0:0:0
0:0:58:0:36:0:0:0:0:96:0:0:76:0
0:0:0:0:36:0:0:36:0:0:0:0:0:0
0:96:0:0:0:0:36:0:0:0:30:0:0:0
0:0:0:51:0:0:0:0:0:0:0:83:0:95
0:0:0:0:0:96:0:0:0:0:72:0:0:0
0:0:0:0:0:0:0:30:0:72:0:43:0:42
0:0:0:0:0:0:0:0:83:0:43:0:79:0
0:0:0:0:0:76:0:0:0:0:0:79:0:35
0:0:0:0:0:0:0:0:95:0:42:0:35:0

0:9:0:9:0:0:0:0:0:0:0:0:0:0
9:0:15:0:0:0:0:1:0:0:0:0:0:0
0:15:0:0:0:28:0:0:0:0:0:0:0:0
9:0:0:0:6:0:0:0:5:0:0:0:0:0
0:0:0:6:0:27:51:0:0:0:0:0:0:0
0:0:28:0:27:0:0:0:0:1:0:0:21:0
0:0:0:0:51:0:0:21:0:0:0:0:0:0
0:1:0:0:0:0:21:0:0:0:61:0:0:0
0:0:0:5:0:0:0:0:0:0:0:11:0:2
0:0:0:0:0:1:0:0:0:0:4:0:0:0
0:0:0:0:0:0:0:61:0:4:0:34:0:3
0:0:0:0:0:0:0:0:11:0:34:0:3:0
0:0:0:0:0:21:0:0:0:0:0:3:0:42
0:0:0:0:0:0:0:0:2:0:3:0:42:0

33:96
23:90
17:99
26:96
25:97
22:94
11:97
8:96
34:98
14:94
12:96
7:95
22:93
10:98
