0:90:87:88:0:0:0:0:0:0:0:0:0:0
90:0:92:0:0:0:0:88:0:0:0:0:0:0
87:92:0:0:0:93:0:0:0:0:0:0:0:0
88:0:0:0:98:0:0:0:94:0:0:0:0:0
0:0:0:98:0:88:85:0:0:0:0:0:0:0
0:0:93:0:88:0:0:0:0:92:0:0:95:0
0:0:0:0:85:0:0:94:0:0:0:0:0:0
0:88:0:0:0:0:94:0:0:0:85:0:0:0
0:0:0:94:0:0:0:0:0:0:0:99:0:96
0:0:0:0:0:92:0:0:0:0:93:0:0:0
0:0:0:0:0:0:0:85:0:93:0:90:0:93
0:0:0:0:0:0:0:0:99:0:90:0:88:0
0:0:0:0:0:95:0:0:0:0:0:88:0:85
0:0:0:0:0:0:0:0:96:0:93:0:85:0

0:49:61:42:0:0:0:0:0:0:0:0:0:0
49:0:74:0:0:0:0:94:0:0:0:0:0:0
61:74:0:0:0:99:0:0:0:0:0:0:0:0
42:0:0:0:42:0:0:0:99:0:0:0:0:0
0:0:0:42:0:91:54:0:0:0:0:0:0:0
0:0:99:0:91:0:0:0:0:76:0:0:78:0
0:0:0:0:54:0:0:91:0:0:0:0:0:0
0:94:0:0:0:0:91:0:0:0:76:0:0:0
0:0:0:99:0:0:0:0:0:0:0:84:0:81
0:0:0:0:0:76:0:0:0:0:69:0:0:0
0:0:0:0:0:0:0:76:0:69:0:55:0:87
0:0:0:0:0:0:0:0:84:0:55:0:98:0
0:0:0:0:0:78:0:0:0:0:0:98:0:43
0:0:0:0:0:0:0:0:81:0:87:0:43:0

0:37:35:43:0:0:0:0:0:0:0:0:0:0
37:0:20:0:0:0:0:6:0:0:0:0:0:0
35:20:0:0:0:0:0:0:0:0:0:0:0:0
43:0:0:0:25:0:0:0:1:0:0:0:0:0
0:0:0:25:0:5:37:0:0:0:0:0:0:0
0:0:0:0:5:0:0:0:0:17:0:0:16:0
0:0:0:0:37:0:0:6:0:0:0:0:0:0
0:6:0:0:0:0:6:0:0:0:6:0:0:0
0:0:0:1:0:0:0:0:0:0:0:9:0:0
0:0:0:0:0:17:0:0:0:0:22:0:0:0
0:0:0:0:0:0:0:6:0:22:0:37:0:10
0:0:0:0:0:0:0:0:9:0:37:0:2:0
0:0:0:0:0:16:0:0:0:0:0:2:0:16
0:0:0:0:0:0:0:0:0:0:10:0:16:0

5:97
25:91
15:97
7:97
35:94
6:91
22:97
12:94
18:97
28:90
31:98
35:99
35:98
27:96
