0:92:91:93:0:0:0:0:0:0:0:0:0:0
92:0:91:0:0:0:0:92:0:0:0:0:0:0
91:91:0:0:0:91:0:0:0:0:0:0:0:0
93:0:0:0:95:0:0:0:86:0:0:0:0:0
0:0:0:95:0:99:99:0:0:0:0:0:0:0
0:0:91:0:99:0:0:0:0:85:0:0:97:0
0:0:0:0:99:0:0:99:0:0:0:0:0:0
0:92:0:0:0:0:99:0:0:0:99:0:0:0
0:0:0:86:0:0:0:0:0:0:0:87:0:90
0:0:0:0:0:85:0:0:0:0:86:0:0:0
0:0:0:0:0:0:0:99:0:86:0:93:0:98
0:0:0:0:0:0:0:0:87:0:93:0:95:0
0:0:0:0:0:97:0:0:0:0:0:95:0:94
0:0:0:0:0:0:0:0:90:0:98:0:94:0

0:57:49:79:0:0:0:0:0:0:0:0:0:0
57:0:63:0:0:0:0:97:0:0:0:0:0:0
49:63:0:0:0:38:0:0:0:0:0:0:0:0
79:0:0:0:82:0:0:0:79:0:0:0:0:0
0:0:0:82:0:74:48:0:0:0:0:0:0:0
0:0:38:0:74:0:0:0:0:68:0:0:63:0
0:0:0:0:48:0:0:79:0:0:0:0:0:0
0:97:0:0:0:0:79:0:0:0:91:0:0:0
0:0:0:79:0:0:0:0:0:0:0:75:0:76
0:0:0:0:0:68:0:0:0:0:94:0:0:0
0:0:0:0:0:0:0:91:0:94:0:64:0:95
0:0:0:0:0:0:0:0:75:0:64:0:90:0
0:0:0:0:0:63:0:0:0:0:0:90:0:82
0:0:0:0:0:0:0:0:76:0:95:0:82:0

0:23:43:4:0:0:0:0:0:0:0:0:0:0
23:0:14:0:0:0:0:0:0:0:0:0:0:0
43:14:0:0:0:54:0:0:0:0:0:0:0:0
4:0:0:0:11:0:0:0:16:0:0:0:0:0
0:0:0:11:0:23:0:0:0:0:0:0:0:0
0:0:54:0:23:0:0:0:0:28:0:0:0:0
0:0:0:0:0:0:0:21:0:0:0:0:0:0
0:0:0:0:0:0:21:0:0:0:5:0:0:0
0:0:0:16:0:0:0:0:0:0:0:5:0:2
0:0:0:0:0:28:0:0:0:0:1:0:0:0
0:0:0:0:0:0:0:5:0:1:0:8:0:2
0:0:0:0:0:0:0:0:5:0:8:0:4:0
0:0:0:0:0:0:0:0:0:0:0:4:0:17
0:0:0:0:0:0:0:0:2:0:2:0:17:0

12:99
23:96
29:99
33:98
29:96
6:97
20:95
21:98
21:92
30:90
12:93
21:99
24:92
11:93
