0:87:97:93:0:0:0:0:0:0:0:0:0:0
87:0:92:0:0:0:0:91:0:0:0:0:0:0
97:92:0:0:0:88:0:0:0:0:0:0:0:0
93:0:0:0:97:0:0:0:92:0:0:0:0:0
0:0:0:97:0:95:87:0:0:0:0:0:0:0
0:0:88:0:95:0:0:0:0:92:0:0:85:0
0:0:0:0:87:0:0:99:0:0:0:0:0:0
0:91:0:0:0:0:99:0:0:0:94:0:0:0
0:0:0:92:0:0:0:0:0:0:0:86:0:87
0:0:0:0:0:92:0:0:0:0:88:0:0:0
0:0:0:0:0:0:0:94:0:88:0:92:0:94
0:0:0:0:0:0:0:0:86:0:92:0:98:0
0:0:0:0:0:85:0:0:0:0:0:98:0:89
0:0:0:0:0:0:0:0:87:0:94:0:89:0

0:91:54:97:0:0:0:0:0:0:0:0:0:0
91:0:81:0:0:0:0:98:0:0:0:0:0:0
54:81:0:0:0:30:0:0:0:0:0:0:0:0
97:0:0:0:56:0:0:0:50:0:0:0:0:0
0:0:0:56:0:36:66:0:0:0:0:0:0:0
0:0:30:0:36:0:0:0:0:78:0:0:49:0
0:0:0:0:66:0:0:67:0:0:0:0:0:0
0:98:0:0:0:0:67:0:0:0:95:0:0:0
0:0:0:50:0:0:0:0:0:0:0:31:0:73
0:0:0:0:0:78:0:0:0:0:74:0:0:0
0:0:0:0:0:0:0:95:0:74:0:45:0:78
0:0:0:0:0:0:0:0:31:0:45:0:60:0
0:0:0:0:0:49:0:0:0:0:0:60:0:75
0:0:0:0:0:0:0:0:73:0:78:0:75:0

0:7:3:1:0:0:0:0:0:0:0:0:0:0
7:0:9:0:0:0:0:0:0:0:0:0:0:0
3:9:0:0:0:56:0:0:0:0:0:0:0:0
1:0:0:0:21:0:0:0:23:0:0:0:0:0
0:0:0:21:0:37:30:0:0:0:0:0:0:0
0:0:56:0:37:0:0:0:0:13:0:0:49:0
0:0:0:0:30:0:0:12:0:0:0:0:0:0
0:0:0:0:0:0:12:0:0:0:0:0:0:0
0:0:0:23:0:0:0:0:0:0:0:32:0:18
0:0:0:0:0:13:0:0:0:0:5:0:0:0
0:0:0:0:0:0:0:0:0:5:0:11:0:5
0:0:0:0:0:0:0:0:32:0:11:0:31:0
0:0:0:0:0:49:0:0:0:0:0:31:0:18
0:0:0:0:0:0:0:0:18:0:5:0:18:0

14:99
11:95
18:90
23:92
33:94
13:98
15:97
18:92
22:95
34:97
19:94
15:90
15:97
7:98
