0:86:94:88:0:0:0:0:0:0:0:0:0:0
86:0:97:0:0:0:0:89:0:0:0:0:0:0
94:97:0:0:0:94:0:0:0:0:0:0:0:0
88:0:0:0:88:0:0:0:91:0:0:0:0:0
0:0:0:88:0:89:90:0:0:0:0:0:0:0
0:0:94:0:89:0:0:0:0:96:0:0:88:0
0:0:0:0:90:0:0:86:0:0:0:0:0:0
0:89:0:0:0:0:86:0:0:0:90:0:0:0
0:0:0:91:0:0:0:0:0:0:0:91:0:98
0:0:0:0:0:96:0:0:0:0:94:0:0:0
0:0:0:0:0:0:0:90:0:94:0:87:0:92
0:0:0:0:0:0:0:0:91:0:87:0:93:0
0:0:0:0:0:88:0:0:0:0:0:93:0:89
0:0:0:0:0:0:0:0:98:0:92:0:89:0

0:56:94:80:0:0:0:0:0:0:0:0:0:0
56:0:43:0:0:0:0:100:0:0:0:0:0:0
94:43:0:0:0:68:0:0:0:0:0:0:0:0
80:0:0:0:45:0:0:0:41:0:0:0:0:0
0:0:0:45:0:80:90:0:0:0:0:0:0:0
0:0:68:0:80:0:0:0:0:57:0:0:43:0
0:0:0:0:90:0:0:33:0:0:0:0:0:0
0:100:0:0:0:0:33:0:0:0:72:0:0:0
0:0:0:41:0:0:0:0:0:0:0:71:0:43
0:0:0:0:0:57:0:0:0:0:37:0:0:0
0:0:0:0:0:0:0:72:0:37:0:86:0:97
0:0:0:0:0:0:0:0:71:0:86:0:30:0
0:0:0:0:0:43:0:0:0:0:0:30:0:31
0:0:0:0:0:0:0:0:43:0:97:0:31:0

0:17:2:18:0:0:0:0:0:0:0:0:0:0
17:0:47:0:0:0:0:0:0:0:0:0:0:0
2:47:0:0:0:28:0:0:0:0:0:0:0:0
18:0:0:0:22:0:0:0:4:0:0:0:0:0
0:0:0:22:0:20:9:0:0:0:0:0:0:0
0:0:28:0:20:0:0:0:0:16:0:0:3:0
0:0:0:0:9:0:0:1:0:0:0:0:0:0
0:0:0:0:0:0:1:0:0:0:0:0:0:0
0:0:0:4:0:0:0:0:0:0:0:15:0:40
0:0:0:0:0:16:0:0:0:0:20:0:0:0
0:0:0:0:0:0:0:0:0:20:0:12:0:1
0:0:0:0:0:0:0:0:15:0:12:0:63:0
0:0:0:0:0:3:0:0:0:0:0:63:0:16
0:0:0:0:0:0:0:0:40:0:1:0:16:0

30:97
25:98
29:99
34:90
32:99
7:90
27:96
34:98
21:98
11:93
17:96
7:91
8:95
24:99
