0:87:88:91:0:0:0:0:0:0:0:0:0:0
87:0:86:0:0:0:0:92:0:0:0:0:0:0
88:86:0:0:0:89:0:0:0:0:0:0:0:0
91:0:0:0:92:0:0:0:92:0:0:0:0:0
0:0:0:92:0:90:98:0:0:0:0:0:0:0
0:0:89:0:90:0:0:0:0:91:0:0:95:0
0:0:0:0:98:0:0:92:0:0:0:0:0:0
0:92:0:0:0:0:92:0:0:0:85:0:0:0
0:0:0:92:0:0:0:0:0:0:0:91:0:94
0:0:0:0:0:91:0:0:0:0:90:0:0:0
0:0:0:0:0:0:0:85:0:90:0:88:0:98
0:0:0:0:0:0:0:0:91:0:88:0:96:0
0:0:0:0:0:95:0:0:0:0:0:96:0:99
0:0:0:0:0:0:0:0:94:0:98:0:99:0

0:34:100:93:0:0:0:0:0:0:0:0:0:0
34:0:86:0:0:0:0:100:0:0:0:0:0:0
100:86:0:0:0:75:0:0:0:0:0:0:0:0
93:0:0:0:54:0:0:0:72:0:0:0:0:0
0:0:0:54:0:77:82:0:0:0:0:0:0:0
0:0:75:0:77:0:0:0:0:47:0:0:76:0
0:0:0:0:82:0:0:92:0:0:0:0:0:0
0:100:0:0:0:0:92:0:0:0:37:0:0:0
0:0:0:72:0:0:0:0:0:0:0:72:0:51
0:0:0:0:0:47:0:0:0:0:63:0:0:0
0:0:0:0:0:0:0:37:0:63:0:64:0:84
0:0:0:0:0:0:0:0:72:0:64:0:51:0
0:0:0:0:0:76:0:0:0:0:0:51:0:66
0:0:0:0:0:0:0:0:51:0:84:0:66:0

0:14:0:7:0:0:0:0:0:0:0:0:0:0
14:0:3:0:0:0:0:0:0:0:0:0:0:0
0:3:0:0:0:8:0:0:0:0:0:0:0:0
7:0:0:0:23:0:0:0:25:0:0:0:0:0
0:0:0:23:0:16:3:0:0:0:0:0:0:0
0:0:8:0:16:0:0:0:0:14:0:0:5:0
0:0:0:0:3:0:0:7:0:0:0:0:0:0
0:0:0:0:0:0:7:0:0:0:28:0:0:0
0:0:0:25:0:0:0:0:0:0:0:24:0:14
0:0:0:0:0:14:0:0:0:0:8:0:0:0
0:0:0:0:0:0:0:28:0:8:0:2:0:4
0:0:0:0:0:0:0:0:24:0:2:0:20:0
0:0:0:0:0:5:0:0:0:0:0:20:0:32
0:0:0:0:0:0:0:0:14:0:4:0:32:0

19:96
7:91
26:91
27:92
31:97
16:94
24:95
16:93
25:91
19:98
7:91
29:95
22:96
34:96
