0:85:91:97:0:0:0:0:0:0:0:0:0:0
85:0:93:0:0:0:0:90:0:0:0:0:0:0
91:93:0:0:0:94:0:0:0:0:0:0:0:0
97:0:0:0:94:0:0:0:87:0:0:0:0:0
0:0:0:94:0:92:95:0:0:0:0:0:0:0
0:0:94:0:92:0:0:0:0:99:0:0:99:0
0:0:0:0:95:0:0:86:0:0:0:0:0:0
0:90:0:0:0:0:86:0:0:0:92:0:0:0
0:0:0:87:0:0:0:0:0:0:0:89:0:98
0:0:0:0:0:99:0:0:0:0:91:0:0:0
0:0:0:0:0:0:0:92:0:91:0:96:0:86
0:0:0:0:0:0:0:0:89:0:96:0:93:0
0:0:0:0:0:99:0:0:0:0:0:93:0:93
0:0:0:0:0:0:0:0:98:0:86:0:93:0

0:66:60:97:0:0:0:0:0:0:0:0:0:0
66:0:84:0:0:0:0:69:0:0:0:0:0:0
60:84:0:0:0:80:0:0:0:0:0:0:0:0
97:0:0:0:53:0:0:0:87:0:0:0:0:0
0:0:0:53:0:85:92:0:0:0:0:0:0:0
0:0:80:0:85:0:0:0:0:47:0:0:47:0
0:0:0:0:92:0:0:43:0:0:0:0:0:0
0:69:0:0:0:0:43:0:0:0:43:0:0:0
0:0:0:87:0:0:0:0:0:0:0:31:0:45
0:0:0:0:0:47:0:0:0:0:44:0:0:0
0:0:0:0:0:0:0:43:0:44:0:41:0:84
0:0:0:0:0:0:0:0:31:0:41:0:85:0
0:0:0:0:0:47:0:0:0:0:0:85:0:89
0:0:0:0:0:0:0:0:45:0:84:0:89:0

0:29:35:1:0:0:0:0:0:0:0:0:0:0
29:0:12:0:0:0:0:11:0:0:0:0:0:0
35:12:0:0:0:8:0:0:0:0:0:0:0:0
1:0:0:0:42:0:0:0:4:0:0:0:0:0
0:0:0:42:0:4:6:0:0:0:0:0:0:0
0:0:8:0:4:0:0:0:0:36:0:0:12:0
0:0:0:0:6:0:0:40:0:0:0:0:0:0
0:11:0:0:0:0:40:0:0:0:24:0:0:0
0:0:0:4:0:0:0:0:0:0:0:11:0:46
0:0:0:0:0:36:0:0:0:0:47:0:0:0
0:0:0:0:0:0:0:24:0:47:0:50:0:7
0:0:0:0:0:0:0:0:11:0:50:0:4:0
0:0:0:0:0:12:0:0:0:0:0:4:0:0
0:0:0:0:0:0:0:0:46:0:7:0:0:0

20:91
24:92
13:96
22:97
14:94
31:96
19:92
15:92
23:95
5:98
32:92
12:90
31:91
15:96
