0:87:91:95:0:0:0:0:0:0:0:0:0:0
87:0:93:0:0:0:0:94:0:0:0:0:0:0
91:93:0:0:0:88:0:0:0:0:0:0:0:0
95:0:0:0:93:0:0:0:96:0:0:0:0:0
0:0:0:93:0:98:99:0:0:0:0:0:0:0
0:0:88:0:98:0:0:0:0:88:0:0:85:0
0:0:0:0:99:0:0:99:0:0:0:0:0:0
0:94:0:0:0:0:99:0:0:0:94:0:0:0
0:0:0:96:0:0:0:0:0:0:0:86:0:95
0:0:0:0:0:88:0:0:0:0:87:0:0:0
0:0:0:0:0:0:0:94:0:87:0:91:0:90
0:0:0:0:0:0:0:0:86:0:91:0:99:0
0:0:0:0:0:85:0:0:0:0:0:99:0:99
0:0:0:0:0:0:0:0:95:0:90:0:99:0

0:47:61:70:0:0:0:0:0:0:0:0:0:0
47:0:85:0:0:0:0:74:0:0:0:0:0:0
61:85:0:0:0:75:0:0:0:0:0:0:0:0
70:0:0:0:43:0:0:0:38:0:0:0:0:0
0:0:0:43:0:85:82:0:0:0:0:0:0:0
0:0:75:0:85:0:0:0:0:59:0:0:68:0
0:0:0:0:82:0:0:45:0:0:0:0:0:0
0:74:0:0:0:0:45:0:0:0:39:0:0:0
0:0:0:38:0:0:0:0:0:0:0:66:0:66
0:0:0:0:0:59:0:0:0:0:41:0:0:0
0:0:0:0:0:0:0:39:0:41:0:60:0:91
0:0:0:0:0:0:0:0:66:0:60:0:52:0
0:0:0:0:0:68:0:0:0:0:0:52:0:74
0:0:0:0:0:0:0:0:66:0:91:0:74:0

0:27:23:15:0:0:0:0:0:0:0:0:0:0
27:0:15:0:0:0:0:26:0:0:0:0:0:0
23:15:0:0:0:13:0:0:0:0:0:0:0:0
15:0:0:0:51:0:0:0:14:0:0:0:0:0
0:0:0:51:0:1:12:0:0:0:0:0:0:0
0:0:13:0:1:0:0:0:0:36:0:0:23:0
0:0:0:0:12:0:0:37:0:0:0:0:0:0
0:26:0:0:0:0:37:0:0:0:26:0:0:0
0:0:0:14:0:0:0:0:0:0:0:21:0:32
0:0:0:0:0:36:0:0:0:0:44:0:0:0
0:0:0:0:0:0:0:26:0:44:0:21:0:0
0:0:0:0:0:0:0:0:21:0:21:0:0:0
0:0:0:0:0:23:0:0:0:0:0:0:0:8
0:0:0:0:0:0:0:0:32:0:0:0:8:0

9:95
12:98
30:99
32:95
13:90
17:90
22:94
20:97
15:91
21:97
35:95
31:96
5:99
21:93
