0:96:99:91:0:0:0:0:0:0:0:0:0:0
96:0:93:0:0:0:0:97:0:0:0:0:0:0
99:93:0:0:0:97:0:0:0:0:0:0:0:0
91:0:0:0:86:0:0:0:91:0:0:0:0:0
0:0:0:86:0:98:86:0:0:0:0:0:0:0
0:0:97:0:98:0:0:0:0:85:0:0:97:0
0:0:0:0:86:0:0:97:0:0:0:0:0:0
0:97:0:0:0:0:97:0:0:0:89:0:0:0
0:0:0:91:0:0:0:0:0:0:0:95:0:88
0:0:0:0:0:85:0:0:0:0:85:0:0:0
0:0:0:0:0:0:0:89:0:85:0:89:0:97
0:0:0:0:0:0:0:0:95:0:89:0:95:0
0:0:0:0:0:97:0:0:0:0:0:95:0:89
0:0:0:0:0:0:0:0:88:0:97:0:89:0

0:76:98:54:0:0:0:0:0:0:0:0:0:0
76:0:94:0:0:0:0:38:0:0:0:0:0:0
98:94:0:0:0:69:0:0:0:0:0:0:0:0
54:0:0:0:83:0:0:0:38:0:0:0:0:0
0:0:0:83:0:75:54:0:0:0:0:0:0:0
0:0:69:0:75:0:0:0:0:36:0:0:63:0
0:0:0:0:54:0:0:36:0:0:0:0:0:0
0:38:0:0:0:0:36:0:0:0:97:0:0:0
0:0:0:38:0:0:0:0:0:0:0:76:0:76
0:0:0:0:0:36:0:0:0:0:44:0:0:0
0:0:0:0:0:0:0:97:0:44:0:42:0:46
0:0:0:0:0:0:0:0:76:0:42:0:81:0
0:0:0:0:0:63:0:0:0:0:0:81:0:94
0:0:0:0:0:0:0:0:76:0:46:0:94:0

0:22:0:40:0:0:0:0:0:0:0:0:0:0
22:0:5:0:0:0:0:31:0:0:0:0:0:0
0:5:0:0:0:31:0:0:0:0:0:0:0:0
40:0:0:0:8:0:0:0:41:0:0:0:0:0
0:0:0:8:0:9:37:0:0:0:0:0:0:0
0:0:31:0:9:0:0:0:0:40:0:0:13:0
0:0:0:0:37:0:0:42:0:0:0:0:0:0
0:31:0:0:0:0:42:0:0:0:0:0:0:0
0:0:0:41:0:0:0:0:0:0:0:22:0:1
0:0:0:0:0:40:0:0:0:0:22:0:0:0
0:0:0:0:0:0:0:0:0:22:0:29:0:45
0:0:0:0:0:0:0:0:22:0:29:0:5:0
0:0:0:0:0:13:0:0:0:0:0:5:0:5
0:0:0:0:0:0:0:0:1:0:45:0:5:0

6:91
31:98
24:90
5:95
16:94
27:99
9:92
31:92
12:93
8:94
9:91
24:99
19:91
33:91
