0:87:85:85:0:0:0:0:0:0:0:0:0:0
87:0:97:0:0:0:0:97:0:0:0:0:0:0
85:97:0:0:0:93:0:0:0:0:0:0:0:0
85:0:0:0:99:0:0:0:92:0:0:0:0:0
0:0:0:99:0:90:87:0:0:0:0:0:0:0
0:0:93:0:90:0:0:0:0:86:0:0:90:0
0:0:0:0:87:0:0:88:0:0:0:0:0:0
0:97:0:0:0:0:88:0:0:0:96:0:0:0
0:0:0:92:0:0:0:0:0:0:0:95:0:91
0:0:0:0:0:86:0:0:0:0:86:0:0:0
0:0:0:0:0:0:0:96:0:86:0:87:0:99
0:0:0:0:0:0:0:0:95:0:87:0:88:0
0:0:0:0:0:90:0:0:0:0:0:88:0:98
0:0:0:0:0:0:0:0:91:0:99:0:98:0

0:64:52:100:0:0:0:0:0:0:0:0:0:0
64:0:51:0:0:0:0:69:0:0:0:0:0:0
52:51:0:0:0:81:0:0:0:0:0:0:0:0
100:0:0:0:77:0:0:0:68:0:0:0:0:0
0:0:0:77:0:50:30:0:0:0:0:0:0:0
0:0:81:0:50:0:0:0:0:88:0:0:50:0
0:0:0:0:30:0:0:58:0:0:0:0:0:0
0:69:0:0:0:0:58:0:0:0:46:0:0:0
0:0:0:68:0:0:0:0:0:0:0:36:0:70
0:0:0:0:0:88:0:0:0:0:77:0:0:0
0:0:0:0:0:0:0:46:0:77:0:33:0:34
0:0:0:0:0:0:0:0:36:0:33:0:78:0
0:0:0:0:0:50:0:0:0:0:0:78:0:34
0:0:0:0:0:0:0:0:70:0:34:0:34:0

0:29:4:0:0:0:0:0:0:0:0:0:0:0
29:0:49:0:0:0:0:29:0:0:0:0:0:0
4:49:0:0:0:9:0:0:0:0:0:0:0:0
0:0:0:0:5:0:0:0:23:0:0:0:0:0
0:0:0:5:0:32:57:0:0:0:0:0:0:0
0:0:9:0:32:0:0:0:0:6:0:0:15:0
0:0:0:0:57:0:0:17:0:0:0:0:0:0
0:29:0:0:0:0:17:0:0:0:54:0:0:0
0:0:0:23:0:0:0:0:0:0:0:11:0:6
0:0:0:0:0:6:0:0:0:0:17:0:0:0
0:0:0:0:0:0:0:54:0:17:0:64:0:8
0:0:0:0:0:0:0:0:11:0:64:0:14:0
0:0:0:0:0:15:0:0:0:0:0:14:0:1
0:0:0:0:0:0:0:0:6:0:8:0:1:0

32:97
9:90
21:90
5:92
6:92
30:91
6:97
31:92
34:90
14:99
28:95
15:97
14:95
26:90
