0:91:87:92:0:0:0:0:0:0:0:0:0:0
91:0:93:0:0:0:0:98:0:0:0:0:0:0
87:93:0:0:0:98:0:0:0:0:0:0:0:0
92:0:0:0:93:0:0:0:99:0:0:0:0:0
0:0:0:93:0:99:98:0:0:0:0:0:0:0
0:0:98:0:99:0:0:0:0:96:0:0:88:0
0:0:0:0:98:0:0:93:0:0:0:0:0:0
0:98:0:0:0:0:93:0:0:0:95:0:0:0
0:0:0:99:0:0:0:0:0:0:0:90:0:89
0:0:0:0:0:96:0:0:0:0:85:0:0:0
0:0:0:0:0:0:0:95:0:85:0:99:0:99
0:0:0:0:0:0:0:0:90:0:99:0:93:0
0:0:0:0:0:88:0:0:0:0:0:93:0:89
0:0:0:0:0:0:0:0:89:0:99:0:89:0

0:42:42:76:0:0:0:0:0:0:0:0:0:0
42:0:37:0:0:0:0:40:0:0:0:0:0:0
42:37:0:0:0:54:0:0:0:0:0:0:0:0
76:0:0:0:60:0:0:0:76:0:0:0:0:0
0:0:0:60:0:84:33:0:0:0:0:0:0:0
0:0:54:0:84:0:0:0:0:42:0:0:68:0
0:0:0:0:33:0:0:50:0:0:0:0:0:0
0:40:0:0:0:0:50:0:0:0:68:0:0:0
0:0:0:76:0:0:0:0:0:0:0:87:0:94
0:0:0:0:0:42:0:0:0:0:38:0:0:0
0:0:0:0:0:0:0:68:0:38:0:38:0:54
0:0:0:0:0:0:0:0:87:0:38:0:41:0
0:0:0:0:0:68:0:0:0:0:0:41:0:69
0:0:0:0:0:0:0:0:94:0:54:0:69:0

0:1:32:0:0:0:0:0:0:0:0:0:0:0
1:0:63:0:0:0:0:10:0:0:0:0:0:0
32:63:0:0:0:44:0:0:0:0:0:0:0:0
0:0:0:0:3:0:0:0:11:0:0:0:0:0
0:0:0:3:0:13:14:0:0:0:0:0:0:0
0:0:44:0:13:0:0:0:0:2:0:0:6:0
0:0:0:0:14:0:0:40:0:0:0:0:0:0
0:10:0:0:0:0:40:0:0:0:21:0:0:0
0:0:0:11:0:0:0:0:0:0:0:8:0:6
0:0:0:0:0:2:0:0:0:0:21:0:0:0
0:0:0:0:0:0:0:21:0:21:0:19:0:20
0:0:0:0:0:0:0:0:8:0:19:0:2:0
0:0:0:0:0:6:0:0:0:0:0:2:0:5
0:0:0:0:0:0:0:0:6:0:20:0:5:0

22:98
33:98
34:90
17:98
23:90
13:98
31:92
20:93
35:91
25:93
33:95
30:93
23:95
31:95
