0:87:85:85:0:0:0:0:0:0:0:0:0:0
87:0:88:0:0:0:0:87:0:0:0:0:0:0
85:88:0:0:0:88:0:0:0:0:0:0:0:0
85:0:0:0:90:0:0:0:85:0:0:0:0:0
0:0:0:90:0:97:85:0:0:0:0:0:0:0
0:0:88:0:97:0:0:0:0:95:0:0:92:0
0:0:0:0:85:0:0:93:0:0:0:0:0:0
0:87:0:0:0:0:93:0:0:0:97:0:0:0
0:0:0:85:0:0:0:0:0:0:0:90:0:97
0:0:0:0:0:95:0:0:0:0:85:0:0:0
0:0:0:0:0:0:0:97:0:85:0:94:0:89
0:0:0:0:0:0:0:0:90:0:94:0:95:0
0:0:0:0:0:92:0:0:0:0:0:95:0:92
0:0:0:0:0:0:0:0:97:0:89:0:92:0

0:34:53:88:0:0:0:0:0:0:0:0:0:0
34:0:92:0:0:0:0:31:0:0:0:0:0:0
53:92:0:0:0:49:0:0:0:0:0:0:0:0
88:0:0:0:74:0:0:0:33:0:0:0:0:0
0:0:0:74:0:30:78:0:0:0:0:0:0:0
0:0:49:0:30:0:0:0:0:91:0:0:70:0
0:0:0:0:78:0:0:41:0:0:0:0:0:0
0:31:0:0:0:0:41:0:0:0:70:0:0:0
0:0:0:33:0:0:0:0:0:0:0:42:0:42
0:0:0:0:0:91:0:0:0:0:62:0:0:0
0:0:0:0:0:0:0:70:0:62:0:87:0:84
0:0:0:0:0:0:0:0:42:0:87:0:67:0
0:0:0:0:0:70:0:0:0:0:0:67:0:55
0:0:0:0:0:0:0:0:42:0:84:0:55:0

0:22:9:6:0:0:0:0:0:0:0:0:0:0
22:0:7:0:0:0:0:12:0:0:0:0:0:0
9:7:0:0:0:14:0:0:0:0:0:0:0:0
6:0:0:0:14:0:0:0:49:0:0:0:0:0
0:0:0:14:0:62:3:0:0:0:0:0:0:0
0:0:14:0:62:0:0:0:0:9:0:0:30:0
0:0:0:0:3:0:0:19:0:0:0:0:0:0
0:12:0:0:0:0:19:0:0:0:2:0:0:0
0:0:0:49:0:0:0:0:0:0:0:33:0:39
0:0:0:0:0:9:0:0:0:0:15:0:0:0
0:0:0:0:0:0:0:2:0:15:0:12:0:10
0:0:0:0:0:0:0:0:33:0:12:0:25:0
0:0:0:0:0:30:0:0:0:0:0:25:0:6
0:0:0:0:0:0:0:0:39:0:10:0:6:0

32:91
32:90
19:91
16:99
27:99
18:94
13:99
26:92
8:93
32:98
30:99
23:96
26:95
9:93
