0:99:91:88:0:0:0:0:0:0:0:0:0:0
99:0:95:0:0:0:0:92:0:0:0:0:0:0
91:95:0:0:0:89:0:0:0:0:0:0:0:0
88:0:0:0:93:0:0:0:94:0:0:0:0:0
0:0:0:93:0:96:86:0:0:0:0:0:0:0
0:0:89:0:96:0:0:0:0:94:0:0:88:0
0:0:0:0:86:0:0:88:0:0:0:0:0:0
0:92:0:0:0:0:88:0:0:0:86:0:0:0
0:0:0:94:0:0:0:0:0:0:0:92:0:97
0:0:0:0:0:94:0:0:0:0:95:0:0:0
0:0:0:0:0:0:0:86:0:95:0:97:0:85
0:0:0:0:0:0:0:0:92:0:97:0:94:0
0:0:0:0:0:88:0:0:0:0:0:94:0:87
0:0:0:0:0:0:0:0:97:0:85:0:87:0

0:52:39:92:0:0:0:0:0:0:0:0:0:0
52:0:62:0:0:0:0:53:0:0:0:0:0:0
39:62:0:0:0:56:0:0:0:0:0:0:0:0
92:0:0:0:50:0:0:0:71:0:0:0:0:0
0:0:0:50:0:100:57:0:0:0:0:0:0:0
0:0:56:0:100:0:0:0:0:59:0:0:78:0
0:0:0:0:57:0:0:49:0:0:0:0:0:0
0:53:0:0:0:0:49:0:0:0:51:0:0:0
0:0:0:71:0:0:0:0:0:0:0:51:0:78
0:0:0:0:0:59:0:0:0:0:53:0:0:0
0:0:0:0:0:0:0:51:0:53:0:32:0:91
0:0:0:0:0:0:0:0:51:0:32:0:82:0
0:0:0:0:0:78:0:0:0:0:0:82:0:62
0:0:0:0:0:0:0:0:78:0:91:0:62:0

0:3:26:6:0:0:0:0:0:0:0:0:0:0
3:0:14:0:0:0:0:10:0:0:0:0:0:0
26:14:0:0:0:13:0:0:0:0:0:0:0:0
6:0:0:0:5:0:0:0:15:0:0:0:0:0
0:0:0:5:0:0:19:0:0:0:0:0:0:0
0:0:13:0:0:0:0:0:0:28:0:0:3:0
0:0:0:0:19:0:0:49:0:0:0:0:0:0
0:10:0:0:0:0:49:0:0:0:11:0:0:0
0:0:0:15:0:0:0:0:0:0:0:6:0:20
0:0:0:0:0:28:0:0:0:0:5:0:0:0
0:0:0:0:0:0:0:11:0:5:0:4:0:5
0:0:0:0:0:0:0:0:6:0:4:0:18:0
0:0:0:0:0:3:0:0:0:0:0:18:0:19
0:0:0:0:0:0:0:0:20:0:5:0:19:0

30:95
15:98
23:97
5:98
5:98
6:99
8:98
29:98
31:90
14:98
7:99
28:96
24:96
9:95
