0:88:87:89:0:0:0:0:0:0:0:0:0:0
88:0:98:0:0:0:0:98:0:0:0:0:0:0
87:98:0:0:0:90:0:0:0:0:0:0:0:0
89:0:0:0:87:0:0:0:93:0:0:0:0:0
0:0:0:87:0:89:90:0:0:0:0:0:0:0
0:0:90:0:89:0:0:0:0:85:0:0:89:0
0:0:0:0:90:0:0:86:0:0:0:0:0:0
0:98:0:0:0:0:86:0:0:0:97:0:0:0
0:0:0:93:0:0:0:0:0:0:0:93:0:99
0:0:0:0:0:85:0:0:0:0:86:0:0:0
0:0:0:0:0:0:0:97:0:86:0:88:0:93
0:0:0:0:0:0:0:0:93:0:88:0:99:0
0:0:0:0:0:89:0:0:0:0:0:99:0:87
0:0:0:0:0:0:0:0:99:0:93:0:87:0

0:50:83:59:0:0:0:0:0:0:0:0:0:0
50:0:92:0:0:0:0:88:0:0:0:0:0:0
83:92:0:0:0:78:0:0:0:0:0:0:0:0
59:0:0:0:32:0:0:0:95:0:0:0:0:0
0:0:0:32:0:97:68:0:0:0:0:0:0:0
0:0:78:0:97:0:0:0:0:49:0:0:72:0
0:0:0:0:68:0:0:100:0:0:0:0:0:0
0:88:0:0:0:0:100:0:0:0:96:0:0:0
0:0:0:95:0:0:0:0:0:0:0:72:0:90
0:0:0:0:0:49:0:0:0:0:32:0:0:0
0:0:0:0:0:0:0:96:0:32:0:78:0:53
0:0:0:0:0:0:0:0:72:0:78:0:89:0
0:0:0:0:0:72:0:0:0:0:0:89:0:62
0:0:0:0:0:0:0:0:90:0:53:0:62:0

0:8:9:19:0:0:0:0:0:0:0:0:0:0
8:0:1:0:0:0:0:1:0:0:0:0:0:0
9:1:0:0:0:6:0:0:0:0:0:0:0:0
19:0:0:0:41:0:0:0:3:0:0:0:0:0
0:0:0:41:0:1:9:0:0:0:0:0:0:0
0:0:6:0:1:0:0:0:0:48:0:0:22:0
0:0:0:0:9:0:0:0:0:0:0:0:0:0
0:1:0:0:0:0:0:0:0:0:0:0:0:0
0:0:0:3:0:0:0:0:0:0:0:14:0:2
0:0:0:0:0:48:0:0:0:0:47:0:0:0
0:0:0:0:0:0:0:0:0:47:0:21:0:27
0:0:0:0:0:0:0:0:14:0:21:0:5:0
0:0:0:0:0:22:0:0:0:0:0:5:0:19
0:0:0:0:0:0:0:0:2:0:27:0:19:0

7:91
12:93
20:90
17:93
27:98
26:93
22:93
17:94
11:92
33:91
23:98
24:93
17:95
21:92
