0:94:97:97:0:0:0:0:0:0:0:0:0:0
94:0:90:0:0:0:0:95:0:0:0:0:0:0
97:90:0:0:0:95:0:0:0:0:0:0:0:0
97:0:0:0:85:0:0:0:89:0:0:0:0:0
0:0:0:85:0:85:97:0:0:0:0:0:0:0
0:0:95:0:85:0:0:0:0:94:0:0:85:0
0:0:0:0:97:0:0:86:0:0:0:0:0:0
0:95:0:0:0:0:86:0:0:0:94:0:0:0
0:0:0:89:0:0:0:0:0:0:0:86:0:90
0:0:0:0:0:94:0:0:0:0:90:0:0:0
0:0:0:0:0:0:0:94:0:90:0:91:0:86
0:0:0:0:0:0:0:0:86:0:91:0:91:0
0:0:0:0:0:85:0:0:0:0:0:91:0:99
0:0:0:0:0:0:0:0:90:0:86:0:99:0

0:98:65:64:0:0:0:0:0:0:0:0:0:0
98:0:40:0:0:0:0:59:0:0:0:0:0:0
65:40:0:0:0:38:0:0:0:0:0:0:0:0
64:0:0:0:35:0:0:0:78:0:0:0:0:0
0:0:0:35:0:51:65:0:0:0:0:0:0:0
0:0:38:0:51:0:0:0:0:89:0:0:52:0
0:0:0:0:65:0:0:68:0:0:0:0:0:0
0:59:0:0:0:0:68:0:0:0:44:0:0:0
0:0:0:78:0:0:0:0:0:0:0:70:0:64
0:0:0:0:0:89:0:0:0:0:36:0:0:0
0:0:0:0:0:0:0:44:0:36:0:62:0:63
0:0:0:0:0:0:0:0:70:0:62:0:52:0
0:0:0:0:0:52:0:0:0:0:0:52:0:93
0:0:0:0:0:0:0:0:64:0:63:0:93:0

0:2:15:12:0:0:0:0:0:0:0:0:0:0
2:0:1:0:0:0:0:12:0:0:0:0:0:0
15:1:0:0:0:14:0:0:0:0:0:0:0:0
12:0:0:0:6:0:0:0:4:0:0:0:0:0
0:0:0:6:0:6:20:0:0:0:0:0:0:0
0:0:14:0:6:0:0:0:0:8:0:0:16:0
0:0:0:0:20:0:0:7:0:0:0:0:0:0
0:12:0:0:0:0:7:0:0:0:15:0:0:0
0:0:0:4:0:0:0:0:0:0:0:21:0:17
0:0:0:0:0:8:0:0:0:0:43:0:0:0
0:0:0:0:0:0:0:15:0:43:0:7:0:1
0:0:0:0:0:0:0:0:21:0:7:0:40:0
0:0:0:0:0:16:0:0:0:0:0:40:0:6
0:0:0:0:0:0:0:0:17:0:1:0:6:0

19:94
20:99
5:94
11:93
20:97
32:98
27:92
15:91
31:93
33:96
11:93
29:92
17:97
27:93
