0:99:94:99:0:0:0:0:0:0:0:0:0:0
99:0:86:0:0:0:0:98:0:0:0:0:0:0
94:86:0:0:0:90:0:0:0:0:0:0:0:0
99:0:0:0:99:0:0:0:98:0:0:0:0:0
0:0:0:99:0:95:99:0:0:0:0:0:0:0
0:0:90:0:95:0:0:0:0:90:0:0:97:0
0:0:0:0:99:0:0:91:0:0:0:0:0:0
0:98:0:0:0:0:91:0:0:0:96:0:0:0
0:0:0:98:0:0:0:0:0:0:0:88:0:88
0:0:0:0:0:90:0:0:0:0:95:0:0:0
0:0:0:0:0:0:0:96:0:95:0:91:0:93
0:0:0:0:0:0:0:0:88:0:91:0:89:0
0:0:0:0:0:97:0:0:0:0:0:89:0:86
0:0:0:0:0:0:0:0:88:0:93:0:86:0

0:66:64:38:0:0:0:0:0:0:0:0:0:0
66:0:95:0:0:0:0:87:0:0:0:0:0:0
64:95:0:0:0:98:0:0:0:0:0:0:0:0
38:0:0:0:44:0:0:0:49:0:0:0:0:0
0:0:0:44:0:92:40:0:0:0:0:0:0:0
0:0:98:0:92:0:0:0:0:79:0:0:62:0
0:0:0:0:40:0:0:79:0:0:0:0:0:0
0:87:0:0:0:0:79:0:0:0:53:0:0:0
0:0:0:49:0:0:0:0:0:0:0:68:0:93
0:0:0:0:0:79:0:0:0:0:67:0:0:0
0:0:0:0:0:0:0:53:0:67:0:89:0:71
0:0:0:0:0:0:0:0:68:0:89:0:72:0
0:0:0:0:0:62:0:0:0:0:0:72:0:67
0:0:0:0:0:0:0:0:93:0:71:0:67:0

0:22:20:29:0:0:0:0:0:0:0:0:0:0
22:0:1:0:0:0:0:13:0:0:0:0:0:0
20:1:0:0:0:2:0:0:0:0:0:0:0:0
29:0:0:0:48:0:0:0:32:0:0:0:0:0
0:0:0:48:0:5:44:0:0:0:0:0:0:0
0:0:2:0:5:0:0:0:0:5:0:0:32:0
0:0:0:0:44:0:0:1:0:0:0:0:0:0
0:13:0:0:0:0:1:0:0:0:33:0:0:0
0:0:0:32:0:0:0:0:0:0:0:2:0:6
0:0:0:0:0:5:0:0:0:0:29:0:0:0
0:0:0:0:0:0:0:33:0:29:0:4:0:24
0:0:0:0:0:0:0:0:2:0:4:0:11:0
0:0:0:0:0:32:0:0:0:0:0:11:0:28
0:0:0:0:0:0:0:0:6:0:24:0:28:0

28:96
23:90
34:99
19:92
7:92
10:94
8:91
34:95
27:99
15:91
27:93
9:93
9:90
21:95
