0:98:95:88:0:0:0:0:0:0:0:0:0:0
98:0:93:0:0:0:0:90:0:0:0:0:0:0
95:93:0:0:0:88:0:0:0:0:0:0:0:0
88:0:0:0:88:0:0:0:90:0:0:0:0:0
0:0:0:88:0:89:97:0:0:0:0:0:0:0
0:0:88:0:89:0:0:0:0:94:0:0:89:0
0:0:0:0:97:0:0:94:0:0:0:0:0:0
0:90:0:0:0:0:94:0:0:0:97:0:0:0
0:0:0:90:0:0:0:0:0:0:0:95:0:92
0:0:0:0:0:94:0:0:0:0:86:0:0:0
0:0:0:0:0:0:0:97:0:86:0:91:0:89
0:0:0:0:0:0:0:0:95:0:91:0:91:0
0:0:0:0:0:89:0:0:0:0:0:91:0:90
0:0:0:0:0:0:0:0:92:0:89:0:90:0

0:77:45:48:0:0:0:0:0:0:0:0:0:0
77:0:41:0:0:0:0:77:0:0:0:0:0:0
45:41:0:0:0:69:0:0:0:0:0:0:0:0
48:0:0:0:62:0:0:0:95:0:0:0:0:0
0:0:0:62:0:30:55:0:0:0:0:0:0:0
0:0:69:0:30:0:0:0:0:59:0:0:48:0
0:0:0:0:55:0:0:82:0:0:0:0:0:0
0:77:0:0:0:0:82:0:0:0:81:0:0:0
0:0:0:95:0:0:0:0:0:0:0:65:0:72
0:0:0:0:0:59:0:0:0:0:94:0:0:0
0:0:0:0:0:0:0:81:0:94:0:54:0:75
0:0:0:0:0:0:0:0:65:0:54:0:43:0
0:0:0:0:0:48:0:0:0:0:0:43:0:58
0:0:0:0:0:0:0:0:72:0:75:0:58:0

0:23:24:31:0:0:0:0:0:0:0:0:0:0
23:0:43:0:0:0:0:6:0:0:0:0:0:0
24:43:0:0:0:30:0:0:0:0:0:0:0:0
31:0:0:0:10:0:0:0:4:0:0:0:0:0
0:0:0:10:0:56:0:0:0:0:0:0:0:0
0:0:30:0:56:0:0:0:0:41:0:0:3:0
0:0:0:0:0:0:0:18:0:0:0:0:0:0
0:6:0:0:0:0:18:0:0:0:1:0:0:0
0:0:0:4:0:0:0:0:0:0:0:25:0:6
0:0:0:0:0:41:0:0:0:0:3:0:0:0
0:0:0:0:0:0:0:1:0:3:0:33:0:6
0:0:0:0:0:0:0:0:25:0:33:0:13:0
0:0:0:0:0:3:0:0:0:0:0:13:0:17
0:0:0:0:0:0:0:0:6:0:6:0:17:0

10:93
27:90
6:95
5:91
9:96
19:91
31:92
28:97
15:91
7:98
6:95
29:90
21:99
13:93
