0:94:89:85:0:0:0:0:0:0:0:0:0:0
94:0:99:0:0:0:0:86:0:0:0:0:0:0
89:99:0:0:0:88:0:0:0:0:0:0:0:0
85:0:0:0:90:0:0:0:98:0:0:0:0:0
0:0:0:90:0:88:99:0:0:0:0:0:0:0
0:0:88:0:88:0:0:0:0:92:0:0:95:0
0:0:0:0:99:0:0:96:0:0:0:0:0:0
0:86:0:0:0:0:96:0:0:0:89:0:0:0
0:0:0:98:0:0:0:0:0:0:0:90:0:90
0:0:0:0:0:92:0:0:0:0:93:0:0:0
0:0:0:0:0:0:0:89:0:93:0:93:0:88
0:0:0:0:0:0:0:0:90:0:93:0:90:0
0:0:0:0:0:95:0:0:0:0:0:90:0:89
0:0:0:0:0:0:0:0:90:0:88:0:89:0

0:78:93:74:0:0:0:0:0:0:0:0:0:0
78:0:94:0:0:0:0:66:0:0:0:0:0:0
93:94:0:0:0:67:0:0:0:0:0:0:0:0
74:0:0:0:31:0:0:0:46:0:0:0:0:0
0:0:0:31:0:73:73:0:0:0:0:0:0:0
0:0:67:0:73:0:0:0:0:48:0:0:72:0
0:0:0:0:73:0:0:60:0:0:0:0:0:0
0:66:0:0:0:0:60:0:0:0:40:0:0:0
0:0:0:46:0:0:0:0:0:0:0:48:0:48
0:0:0:0:0:48:0:0:0:0:74:0:0:0
0:0:0:0:0:0:0:40:0:74:0:97:0:78
0:0:0:0:0:0:0:0:48:0:97:0:75:0
0:0:0:0:0:72:0:0:0:0:0:75:0:84
0:0:0:0:0:0:0:0:48:0:78:0:84:0

0:17:4:9:0:0:0:0:0:0:0:0:0:0
17:0:4:0:0:0:0:24:0:0:0:0:0:0
4:4:0:0:0:26:0:0:0:0:0:0:0:0
9:0:0:0:61:0:0:0:12:0:0:0:0:0
0:0:0:61:0:15:20:0:0:0:0:0:0:0
0:0:26:0:15:0:0:0:0:40:0:0:26:0
0:0:0:0:20:0:0:22:0:0:0:0:0:0
0:24:0:0:0:0:22:0:0:0:58:0:0:0
0:0:0:12:0:0:0:0:0:0:0:5:0:47
0:0:0:0:0:40:0:0:0:0:18:0:0:0
0:0:0:0:0:0:0:58:0:18:0:2:0:17
0:0:0:0:0:0:0:0:5:0:2:0:8:0
0:0:0:0:0:26:0:0:0:0:0:8:0:9
0:0:0:0:0:0:0:0:47:0:17:0:9:0

28:96
18:96
5:97
22:93
6:92
18:95
9:98
25:98
33:90
10:92
33:95
28:98
5:92
24:98
