0:93:87:87:0:0:0:0:0:0:0:0:0:0
93:0:91:0:0:0:0:86:0:0:0:0:0:0
87:91:0:0:0:99:0:0:0:0:0:0:0:0
87:0:0:0:93:0:0:0:89:0:0:0:0:0
0:0:0:93:0:92:99:0:0:0:0:0:0:0
0:0:99:0:92:0:0:0:0:90:0:0:92:0
0:0:0:0:99:0:0:96:0:0:0:0:0:0
0:86:0:0:0:0:96:0:0:0:85:0:0:0
0:0:0:89:0:0:0:0:0:0:0:91:0:94
0:0:0:0:0:90:0:0:0:0:87:0:0:0
0:0:0:0:0:0:0:85:0:87:0:97:0:94
0:0:0:0:0:0:0:0:91:0:97:0:89:0
0:0:0:0:0:92:0:0:0:0:0:89:0:86
0:0:0:0:0:0:0:0:94:0:94:0:86:0

0:71:46:66:0:0:0:0:0:0:0:0:0:0
71:0:72:0:0:0:0:90:0:0:0:0:0:0
46:72:0:0:0:30:0:0:0:0:0:0:0:0
66:0:0:0:53:0:0:0:50:0:0:0:0:0
0:0:0:53:0:87:89:0:0:0:0:0:0:0
0:0:30:0:87:0:0:0:0:79:0:0:84:0
0:0:0:0:89:0:0:78:0:0:0:0:0:0
0:90:0:0:0:0:78:0:0:0:46:0:0:0
0:0:0:50:0:0:0:0:0:0:0:56:0:34
0:0:0:0:0:79:0:0:0:0:35:0:0:0
0:0:0:0:0:0:0:46:0:35:0:57:0:68
0:0:0:0:0:0:0:0:56:0:57:0:33:0
0:0:0:0:0:84:0:0:0:0:0:33:0:34
0:0:0:0:0:0:0:0:34:0:68:0:34:0

0:1:6:10:0:0:0:0:0:0:0:0:0:0
1:0:22:0:0:0:0:0:0:0:0:0:0:0
6:22:0:0:0:28:0:0:0:0:0:0:0:0
10:0:0:0:23:0:0:0:40:0:0:0:0:0
0:0:0:23:0:9:6:0:0:0:0:0:0:0
0:0:28:0:9:0:0:0:0:6:0:0:8:0
0:0:0:0:6:0:0:14:0:0:0:0:0:0
0:0:0:0:0:0:14:0:0:0:23:0:0:0
0:0:0:40:0:0:0:0:0:0:0:34:0:19
0:0:0:0:0:6:0:0:0:0:42:0:0:0
0:0:0:0:0:0:0:23:0:42:0:11:0:20
0:0:0:0:0:0:0:0:34:0:11:0:37:0
0:0:0:0:0:8:0:0:0:0:0:37:0:48
0:0:0:0:0:0:0:0:19:0:20:0:48:0

28:97
6:91
17:96
10:99
30:98
19:92
5:91
32:95
32:92
21:97
7:90
24:92
14:99
9:90
