0:94:86:86:0:0:0:0:0:0:0:0:0:0
94:0:91:0:0:0:0:95:0:0:0:0:0:0
86:91:0:0:0:91:0:0:0:0:0:0:0:0
86:0:0:0:85:0:0:0:91:0:0:0:0:0
0:0:0:85:0:86:96:0:0:0:0:0:0:0
0:0:91:0:86:0:0:0:0:87:0:0:94:0
0:0:0:0:96:0:0:98:0:0:0:0:0:0
0:95:0:0:0:0:98:0:0:0:96:0:0:0
0:0:0:91:0:0:0:0:0:0:0:94:0:92
0:0:0:0:0:87:0:0:0:0:86:0:0:0
0:0:0:0:0:0:0:96:0:86:0:85:0:88
0:0:0:0:0:0:0:0:94:0:85:0:85:0
0:0:0:0:0:94:0:0:0:0:0:85:0:90
0:0:0:0:0:0:0:0:92:0:88:0:90:0

0:77:100:35:0:0:0:0:0:0:0:0:0:0
77:0:96:0:0:0:0:89:0:0:0:0:0:0
100:96:0:0:0:90:0:0:0:0:0:0:0:0
35:0:0:0:97:0:0:0:92:0:0:0:0:0
0:0:0:97:0:99:41:0:0:0:0:0:0:0
0:0:90:0:99:0:0:0:0:75:0:0:62:0
0:0:0:0:41:0:0:82:0:0:0:0:0:0
0:89:0:0:0:0:82:0:0:0:76:0:0:0
0:0:0:92:0:0:0:0:0:0:0:57:0:44
0:0:0:0:0:75:0:0:0:0:34:0:0:0
0:0:0:0:0:0:0:76:0:34:0:47:0:89
0:0:0:0:0:0:0:0:57:0:47:0:36:0
0:0:0:0:0:62:0:0:0:0:0:36:0:99
0:0:0:0:0:0:0:0:44:0:89:0:99:0

0:9:0:8:0:0:0:0:0:0:0:0:0:0
9:0:0:0:0:0:0:2:0:0:0:0:0:0
0:0:0:0:0:2:0:0:0:0:0:0:0:0
8:0:0:0:1:0:0:0:3:0:0:0:0:0
0:0:0:1:0:0:47:0:0:0:0:0:0:0
0:0:2:0:0:0:0:0:0:5:0:0:9:0
0:0:0:0:47:0:0:9:0:0:0:0:0:0
0:2:0:0:0:0:9:0:0:0:8:0:0:0
0:0:0:3:0:0:0:0:0:0:0:32:0:7
0:0:0:0:0:5:0:0:0:0:35:0:0:0
0:0:0:0:0:0:0:8:0:35:0:26:0:8
0:0:0:0:0:0:0:0:32:0:26:0:26:0
0:0:0:0:0:9:0:0:0:0:0:26:0:1
0:0:0:0:0:0:0:0:7:0:8:0:1:0

11:96
5:91
28:96
11:91
33:93
25:97
34:91
23:94
13:94
29:90
21:96
34:90
27:99
35:99
