0:86:96:99:0:0:0:0:0:0:0:0:0:0
86:0:97:0:0:0:0:88:0:0:0:0:0:0
96:97:0:0:0:94:0:0:0:0:0:0:0:0
99:0:0:0:96:0:0:0:90:0:0:0:0:0
0:0:0:96:0:86:93:0:0:0:0:0:0:0
0:0:94:0:86:0:0:0:0:91:0:0:89:0
0:0:0:0:93:0:0:90:0:0:0:0:0:0
0:88:0:0:0:0:90:0:0:0:85:0:0:0
0:0:0:90:0:0:0:0:0:0:0:89:0:97
0:0:0:0:0:91:0:0:0:0:97:0:0:0
0:0:0:0:0:0:0:85:0:97:0:90:0:94
0:0:0:0:0:0:0:0:89:0:90:0:93:0
0:0:0:0:0:89:0:0:0:0:0:93:0:94
0:0:0:0:0:0:0:0:97:0:94:0:94:0

0:83:68:66:0:0:0:0:0:0:0:0:0:0
83:0:53:0:0:0:0:64:0:0:0:0:0:0
68:53:0:0:0:49:0:0:0:0:0:0:0:0
66:0:0:0:97:0:0:0:59:0:0:0:0:0
0:0:0:97:0:84:72:0:0:0:0:0:0:0
0:0:49:0:84:0:0:0:0:48:0:0:85:0
0:0:0:0:72:0:0:100:0:0:0:0:0:0
0:64:0:0:0:0:100:0:0:0:86:0:0:0
0:0:0:59:0:0:0:0:0:0:0:84:0:69
0:0:0:0:0:48:0:0:0:0:41:0:0:0
0:0:0:0:0:0:0:86:0:41:0:61:0:100
0:0:0:0:0:0:0:0:84:0:61:0:76:0
0:0:0:0:0:85:0:0:0:0:0:76:0:55
0:0:0:0:0:0:0:0:69:0:100:0:55:0

0:17:1:17:0:0:0:0:0:0:0:0:0:0
17:0:38:0:0:0:0:15:0:0:0:0:0:0
1:38:0:0:0:39:0:0:0:0:0:0:0:0
17:0:0:0:1:0:0:0:3:0:0:0:0:0
0:0:0:1:0:12:6:0:0:0:0:0:0:0
0:0:39:0:12:0:0:0:0:41:0:0:13:0
0:0:0:0:6:0:0:0:0:0:0:0:0:0
0:15:0:0:0:0:0:0:0:0:14:0:0:0
0:0:0:3:0:0:0:0:0:0:0:14:0:26
0:0:0:0:0:41:0:0:0:0:49:0:0:0
0:0:0:0:0:0:0:14:0:49:0:3:0:0
0:0:0:0:0:0:0:0:14:0:3:0:13:0
0:0:0:0:0:13:0:0:0:0:0:13:0:8
0:0:0:0:0:0:0:0:26:0:0:0:8:0

22:98
16:92
24:97
23:94
19:90
15:91
29:97
14:91
7:93
17:92
9:99
17:92
18:98
11:96
