0:98:98:89:0:0:0:0:0:0:0:0:0:0
98:0:89:0:0:0:0:88:0:0:0:0:0:0
98:89:0:0:0:88:0:0:0:0:0:0:0:0
89:0:0:0:92:0:0:0:94:0:0:0:0:0
0:0:0:92:0:85:92:0:0:0:0:0:0:0
0:0:88:0:85:0:0:0:0:98:0:0:93:0
0:0:0:0:92:0:0:98:0:0:0:0:0:0
0:88:0:0:0:0:98:0:0:0:86:0:0:0
0:0:0:94:0:0:0:0:0:0:0:87:0:91
0:0:0:0:0:98:0:0:0:0:91:0:0:0
0:0:0:0:0:0:0:86:0:91:0:88:0:85
0:0:0:0:0:0:0:0:87:0:88:0:98:0
0:0:0:0:0:93:0:0:0:0:0:98:0:92
0:0:0:0:0:0:0:0:91:0:85:0:92:0

0:32:83:40:0:0:0:0:0:0:0:0:0:0
32:0:82:0:0:0:0:75:0:0:0:0:0:0
83:82:0:0:0:58:0:0:0:0:0:0:0:0
40:0:0:0:72:0:0:0:94:0:0:0:0:0
0:0:0:72:0:65:93:0:0:0:0:0:0:0
0:0:58:0:65:0:0:0:0:84:0:0:85:0
0:0:0:0:93:0:0:50:0:0:0:0:0:0
0:75:0:0:0:0:50:0:0:0:59:0:0:0
0:0:0:94:0:0:0:0:0:0:0:50:0:58
0:0:0:0:0:84:0:0:0:0:59:0:0:0
0:0:0:0:0:0:0:59:0:59:0:38:0:88
0:0:0:0:0:0:0:0:50:0:38:0:41:0
0:0:0:0:0:85:0:0:0:0:0:41:0:83
0:0:0:0:0:0:0:0:58:0:88:0:83:0

0:28:14:58:0:0:0:0:0:0:0:0:0:0
28:0:3:0:0:0:0:14:0:0:0:0:0:0
14:3:0:0:0:15:0:0:0:0:0:0:0:0
58:0:0:0:3:0:0:0:5:0:0:0:0:0
0:0:0:3:0:18:3:0:0:0:0:0:0:0
0:0:15:0:18:0:0:0:0:13:0:0:0:0
0:0:0:0:3:0:0:42:0:0:0:0:0:0
0:14:0:0:0:0:42:0:0:0:33:0:0:0
0:0:0:5:0:0:0:0:0:0:0:46:0:27
0:0:0:0:0:13:0:0:0:0:24:0:0:0
0:0:0:0:0:0:0:33:0:24:0:13:0:10
0:0:0:0:0:0:0:0:46:0:13:0:33:0
0:0:0:0:0:0:0:0:0:0:0:33:0:13
0:0:0:0:0:0:0:0:27:0:10:0:13:0

31:97
24:97
34:91
26:99
35:94
8:90
16:98
21:92
9:98
15:98
12:93
15:94
7:98
30:95
