0:88:94:93:0:0:0:0:0:0:0:0:0:0
88:0:85:0:0:0:0:94:0:0:0:0:0:0
94:85:0:0:0:91:0:0:0:0:0:0:0:0
93:0:0:0:97:0:0:0:97:0:0:0:0:0
0:0:0:97:0:95:89:0:0:0:0:0:0:0
0:0:91:0:95:0:0:0:0:87:0:0:92:0
0:0:0:0:89:0:0:90:0:0:0:0:0:0
0:94:0:0:0:0:90:0:0:0:93:0:0:0
0:0:0:97:0:0:0:0:0:0:0:88:0:91
0:0:0:0:0:87:0:0:0:0:97:0:0:0
0:0:0:0:0:0:0:93:0:97:0:85:0:86
0:0:0:0:0:0:0:0:88:0:85:0:96:0
0:0:0:0:0:92:0:0:0:0:0:96:0:88
0:0:0:0:0:0:0:0:91:0:86:0:88:0

0:51:81:88:0:0:0:0:0:0:0:0:0:0
51:0:95:0:0:0:0:46:0:0:0:0:0:0
81:95:0:0:0:32:0:0:0:0:0:0:0:0
88:0:0:0:76:0:0:0:99:0:0:0:0:0
0:0:0:76:0:83:76:0:0:0:0:0:0:0
0:0:32:0:83:0:0:0:0:30:0:0:96:0
0:0:0:0:76:0:0:92:0:0:0:0:0:0
0:46:0:0:0:0:92:0:0:0:70:0:0:0
0:0:0:99:0:0:0:0:0:0:0:58:0:30
0:0:0:0:0:30:0:0:0:0:53:0:0:0
0:0:0:0:0:0:0:70:0:53:0:57:0:68
0:0:0:0:0:0:0:0:58:0:57:0:64:0
0:0:0:0:0:96:0:0:0:0:0:64:0:75
0:0:0:0:0:0:0:0:30:0:68:0:75:0

0:29:3:6:0:0:0:0:0:0:0:0:0:0
29:0:0:0:0:0:0:38:0:0:0:0:0:0
3:0:0:0:0:49:0:0:0:0:0:0:0:0
6:0:0:0:8:0:0:0:0:0:0:0:0:0
0:0:0:8:0:4:6:0:0:0:0:0:0:0
0:0:49:0:4:0:0:0:0:60:0:0:3:0
0:0:0:0:6:0:0:2:0:0:0:0:0:0
0:38:0:0:0:0:2:0:0:0:4:0:0:0
0:0:0:0:0:0:0:0:0:0:0:18:0:30
0:0:0:0:0:60:0:0:0:0:15:0:0:0
0:0:0:0:0:0:0:4:0:15:0:27:0:20
0:0:0:0:0:0:0:0:18:0:27:0:7:0
0:0:0:0:0:3:0:0:0:0:0:7:0:11
0:0:0:0:0:0:0:0:30:0:20:0:11:0

35:99
6:97
7:90
26:93
16:94
14:94
35:93
14:94
13:99
21:99
19:97
16:90
15:98
22:92
