0:99:97:95:0:0:0:0:0:0:0:0:0:0
99:0:93:0:0:0:0:98:0:0:0:0:0:0
97:93:0:0:0:91:0:0:0:0:0:0:0:0
95:0:0:0:92:0:0:0:97:0:0:0:0:0
0:0:0:92:0:87:93:0:0:0:0:0:0:0
0:0:91:0:87:0:0:0:0:99:0:0:97:0
0:0:0:0:93:0:0:90:0:0:0:0:0:0
0:98:0:0:0:0:90:0:0:0:99:0:0:0
0:0:0:97:0:0:0:0:0:0:0:87:0:97
0:0:0:0:0:99:0:0:0:0:88:0:0:0
0:0:0:0:0:0:0:99:0:88:0:99:0:93
0:0:0:0:0:0:0:0:87:0:99:0:92:0
0:0:0:0:0:97:0:0:0:0:0:92:0:96
0:0:0:0:0:0:0:0:97:0:93:0:96:0

0:75:64:87:0:0:0:0:0:0:0:0:0:0
75:0:64:0:0:0:0:49:0:0:0:0:0:0
64:64:0:0:0:88:0:0:0:0:0:0:0:0
87:0:0:0:81:0:0:0:48:0:0:0:0:0
0:0:0:81:0:49:53:0:0:0:0:0:0:0
0:0:88:0:49:0:0:0:0:32:0:0:48:0
0:0:0:0:53:0:0:53:0:0:0:0:0:0
0:49:0:0:0:0:53:0:0:0:39:0:0:0
0:0:0:48:0:0:0:0:0:0:0:56:0:42
0:0:0:0:0:32:0:0:0:0:97:0:0:0
0:0:0:0:0:0:0:39:0:97:0:88:0:78
0:0:0:0:0:0:0:0:56:0:88:0:33:0
0:0:0:0:0:48:0:0:0:0:0:33:0:38
0:0:0:0:0:0:0:0:42:0:78:0:38:0

0:20:27:5:0:0:0:0:0:0:0:0:0:0
20:0:24:0:0:0:0:12:0:0:0:0:0:0
27:24:0:0:0:5:0:0:0:0:0:0:0:0
5:0:0:0:8:0:0:0:32:0:0:0:0:0
0:0:0:8:0:41:30:0:0:0:0:0:0:0
0:0:5:0:41:0:0:0:0:0:0:0:32:0
0:0:0:0:30:0:0:17:0:0:0:0:0:0
0:12:0:0:0:0:17:0:0:0:33:0:0:0
0:0:0:32:0:0:0:0:0:0:0:29:0:9
0:0:0:0:0:0:0:0:0:0:0:0:0:0
0:0:0:0:0:0:0:33:0:0:0:4:0:1
0:0:0:0:0:0:0:0:29:0:4:0:3:0
0:0:0:0:0:32:0:0:0:0:0:3:0:58
0:0:0:0:0:0:0:0:9:0:1:0:58:0

11:90
6:92
18:97
20:98
13:94
32:98
11:95
28:97
22:92
32:97
29:90
32:98
12:90
14:90
