0:88:92:89:0:0:0:0:0:0:0:0:0:0
88:0:96:0:0:0:0:95:0:0:0:0:0:0
92:96:0:0:0:88:0:0:0:0:0:0:0:0
89:0:0:0:86:0:0:0:92:0:0:0:0:0
0:0:0:86:0:89:89:0:0:0:0:0:0:0
0:0:88:0:89:0:0:0:0:93:0:0:85:0
0:0:0:0:89:0:0:88:0:0:0:0:0:0
0:95:0:0:0:0:88:0:0:0:98:0:0:0
0:0:0:92:0:0:0:0:0:0:0:96:0:87
0:0:0:0:0:93:0:0:0:0:94:0:0:0
0:0:0:0:0:0:0:98:0:94:0:91:0:87
0:0:0:0:0:0:0:0:96:0:91:0:92:0
0:0:0:0:0:85:0:0:0:0:0:92:0:92
0:0:0:0:0:0:0:0:87:0:87:0:92:0

0:36:46:59:0:0:0:0:0:0:0:0:0:0
36:0:61:0:0:0:0:67:0:0:0:0:0:0
46:61:0:0:0:96:0:0:0:0:0:0:0:0
59:0:0:0:41:0:0:0:33:0:0:0:0:0
0:0:0:41:0:100:96:0:0:0:0:0:0:0
0:0:96:0:100:0:0:0:0:89:0:0:53:0
0:0:0:0:96:0:0:95:0:0:0:0:0:0
0:67:0:0:0:0:95:0:0:0:87:0:0:0
0:0:0:33:0:0:0:0:0:0:0:100:0:55
0:0:0:0:0:89:0:0:0:0:97:0:0:0
0:0:0:0:0:0:0:87:0:97:0:80:0:56
0:0:0:0:0:0:0:0:100:0:80:0:82:0
0:0:0:0:0:53:0:0:0:0:0:82:0:58
0:0:0:0:0:0:0:0:55:0:56:0:58:0

0:12:18:10:0:0:0:0:0:0:0:0:0:0
12:0:26:0:0:0:0:31:0:0:0:0:0:0
18:26:0:0:0:4:0:0:0:0:0:0:0:0
10:0:0:0:15:0:0:0:6:0:0:0:0:0
0:0:0:15:0:0:3:0:0:0:0:0:0:0
0:0:4:0:0:0:0:0:0:3:0:0:6:0
0:0:0:0:3:0:0:2:0:0:0:0:0:0
0:31:0:0:0:0:2:0:0:0:9:0:0:0
0:0:0:6:0:0:0:0:0:0:0:0:0:6
0:0:0:0:0:3:0:0:0:0:3:0:0:0
0:0:0:0:0:0:0:9:0:3:0:13:0:30
0:0:0:0:0:0:0:0:0:0:13:0:17:0
0:0:0:0:0:6:0:0:0:0:0:17:0:22
0:0:0:0:0:0:0:0:6:0:30:0:22:0

27:93
12:98
18:93
23:96
30:96
30:99
8:98
9:92
22:95
6:97
34:94
20:93
27:92
23:90
