0:94:91:91:0:0:0:0:0:0:0:0:0:0
94:0:95:0:0:0:0:86:0:0:0:0:0:0
91:95:0:0:0:94:0:0:0:0:0:0:0:0
91:0:0:0:97:0:0:0:90:0:0:0:0:0
0:0:0:97:0:95:97:0:0:0:0:0:0:0
0:0:94:0:95:0:0:0:0:90:0:0:85:0
0:0:0:0:97:0:0:85:0:0:0:0:0:0
0:86:0:0:0:0:85:0:0:0:85:0:0:0
0:0:0:90:0:0:0:0:0:0:0:85:0:93
0:0:0:0:0:90:0:0:0:0:96:0:0:0
0:0:0:0:0:0:0:85:0:96:0:97:0:92
0:0:0:0:0:0:0:0:85:0:97:0:86:0
0:0:0:0:0:85:0:0:0:0:0:86:0:88
0:0:0:0:0:0:0:0:93:0:92:0:88:0

0:73:45:68:0:0:0:0:0:0:0:0:0:0
73:0:86:0:0:0:0:80:0:0:0:0:0:0
45:86:0:0:0:30:0:0:0:0:0:0:0:0
68:0:0:0:64:0:0:0:86:0:0:0:0:0
0:0:0:64:0:62:80:0:0:0:0:0:0:0
0:0:30:0:62:0:0:0:0:48:0:0:42:0
0:0:0:0:80:0:0:94:0:0:0:0:0:0
0:80:0:0:0:0:94:0:0:0:31:0:0:0
0:0:0:86:0:0:0:0:0:0:0:34:0:39
0:0:0:0:0:48:0:0:0:0:70:0:0:0
0:0:0:0:0:0:0:31:0:70:0:40:0:52
0:0:0:0:0:0:0:0:34:0:40:0:69:0
0:0:0:0:0:42:0:0:0:0:0:69:0:85
0:0:0:0:0:0:0:0:39:0:52:0:85:0

0:7:47:13:0:0:0:0:0:0:0:0:0:0
7:0:14:0:0:0:0:0:0:0:0:0:0:0
47:14:0:0:0:20:0:0:0:0:0:0:0:0
13:0:0:0:24:0:0:0:13:0:0:0:0:0
0:0:0:24:0:5:7:0:0:0:0:0:0:0
0:0:20:0:5:0:0:0:0:7:0:0:24:0
0:0:0:0:7:0:0:0:0:0:0:0:0:0
0:0:0:0:0:0:0:0:0:0:23:0:0:0
0:0:0:13:0:0:0:0:0:0:0:20:0:39
0:0:0:0:0:7:0:0:0:0:2:0:0:0
0:0:0:0:0:0:0:23:0:2:0:45:0:13
0:0:0:0:0:0:0:0:20:0:45:0:6:0
0:0:0:0:0:24:0:0:0:0:0:6:0:0
0:0:0:0:0:0:0:0:39:0:13:0:0:0

6:94
16:94
10:93
7:92
28:98
28:95
32:98
22:92
28:96
16:91
25:94
25:97
7:96
26:90
