0:86:85:90:0:0:0:0:0:0:0:0:0:0
86:0:94:0:0:0:0:91:0:0:0:0:0:0
85:94:0:0:0:98:0:0:0:0:0:0:0:0
90:0:0:0:91:0:0:0:90:0:0:0:0:0
0:0:0:91:0:98:96:0:0:0:0:0:0:0
0:0:98:0:98:0:0:0:0:95:0:0:99:0
0:0:0:0:96:0:0:95:0:0:0:0:0:0
0:91:0:0:0:0:95:0:0:0:89:0:0:0
0:0:0:90:0:0:0:0:0:0:0:86:0:89
0:0:0:0:0:95:0:0:0:0:94:0:0:0
0:0:0:0:0:0:0:89:0:94:0:91:0:97
0:0:0:0:0:0:0:0:86:0:91:0:97:0
0:0:0:0:0:99:0:0:0:0:0:97:0:86
0:0:0:0:0:0:0:0:89:0:97:0:86:0

0:89:91:80:0:0:0:0:0:0:0:0:0:0
89:0:42:0:0:0:0:35:0:0:0:0:0:0
91:42:0:0:0:48:0:0:0:0:0:0:0:0
80:0:0:0:95:0:0:0:96:0:0:0:0:0
0:0:0:95:0:76:46:0:0:0:0:0:0:0
0:0:48:0:76:0:0:0:0:80:0:0:73:0
0:0:0:0:46:0:0:49:0:0:0:0:0:0
0:35:0:0:0:0:49:0:0:0:42:0:0:0
0:0:0:96:0:0:0:0:0:0:0:49:0:38
0:0:0:0:0:80:0:0:0:0:86:0:0:0
0:0:0:0:0:0:0:42:0:86:0:30:0:43
0:0:0:0:0:0:0:0:49:0:30:0:31:0
0:0:0:0:0:73:0:0:0:0:0:31:0:50
0:0:0:0:0:0:0:0:38:0:43:0:50:0

0:8:4:6:0:0:0:0:0:0:0:0:0:0
8:0:14:0:0:0:0:50:0:0:0:0:0:0
4:14:0:0:0:47:0:0:0:0:0:0:0:0
6:0:0:0:1:0:0:0:1:0:0:0:0:0
0:0:0:1:0:9:33:0:0:0:0:0:0:0
0:0:47:0:9:0:0:0:0:8:0:0:0:0
0:0:0:0:33:0:0:37:0:0:0:0:0:0
0:50:0:0:0:0:37:0:0:0:11:0:0:0
0:0:0:1:0:0:0:0:0:0:0:45:0:23
0:0:0:0:0:8:0:0:0:0:11:0:0:0
0:0:0:0:0:0:0:11:0:11:0:8:0:6
0:0:0:0:0:0:0:0:45:0:8:0:42:0
0:0:0:0:0:0:0:0:0:0:0:42:0:4
0:0:0:0:0:0:0:0:23:0:6:0:4:0

25:90
11:99
8:98
8:99
20:90
7:91
9:95
35:90
18:94
34:90
29:90
27:91
25:95
32:98
