0:97:97:94:0:0:0:0:0:0:0:0:0:0
97:0:95:0:0:0:0:97:0:0:0:0:0:0
97:95:0:0:0:92:0:0:0:0:0:0:0:0
94:0:0:0:97:0:0:0:91:0:0:0:0:0
0:0:0:97:0:85:86:0:0:0:0:0:0:0
0:0:92:0:85:0:0:0:0:95:0:0:85:0
0:0:0:0:86:0:0:98:0:0:0:0:0:0
0:97:0:0:0:0:98:0:0:0:91:0:0:0
0:0:0:91:0:0:0:0:0:0:0:98:0:95
0:0:0:0:0:95:0:0:0:0:97:0:0:0
0:0:0:0:0:0:0:91:0:97:0:89:0:89
0:0:0:0:0:0:0:0:98:0:89:0:86:0
0:0:0:0:0:85:0:0:0:0:0:86:0:85
0:0:0:0:0:0:0:0:95:0:89:0:85:0

0:63:57:51:0:0:0:0:0:0:0:0:0:0
63:0:51:0:0:0:0:31:0:0:0:0:0:0
57:51:0:0:0:32:0:0:0:0:0:0:0:0
51:0:0:0:58:0:0:0:76:0:0:0:0:0
0:0:0:58:0:96:39:0:0:0:0:0:0:0
0:0:32:0:96:0:0:0:0:88:0:0:78:0
0:0:0:0:39:0:0:64:0:0:0:0:0:0
0:31:0:0:0:0:64:0:0:0:71:0:0:0
0:0:0:76:0:0:0:0:0:0:0:66:0:36
0:0:0:0:0:88:0:0:0:0:52:0:0:0
0:0:0:0:0:0:0:71:0:52:0:61:0:65
0:0:0:0:0:0:0:0:66:0:61:0:34:0
0:0:0:0:0:78:0:0:0:0:0:34:0:48
0:0:0:0:0:0:0:0:36:0:65:0:48:0

0:30:30:28:0:0:0:0:0:0:0:0:0:0
30:0:4:0:0:0:0:58:0:0:0:0:0:0
30:4:0:0:0:13:0:0:0:0:0:0:0:0
28:0:0:0:35:0:0:0:4:0:0:0:0:0
0:0:0:35:0:4:12:0:0:0:0:0:0:0
0:0:13:0:4:0:0:0:0:6:0:0:15:0
0:0:0:0:12:0:0:22:0:0:0:0:0:0
0:58:0:0:0:0:22:0:0:0:27:0:0:0
0:0:0:4:0:0:0:0:0:0:0:24:0:6
0:0:0:0:0:6:0:0:0:0:34:0:0:0
0:0:0:0:0:0:0:27:0:34:0:18:0:12
0:0:0:0:0:0:0:0:24:0:18:0:66:0
0:0:0:0:0:15:0:0:0:0:0:66:0:19
0:0:0:0:0:0:0:0:6:0:12:0:19:0

13:94
14:93
7:94
16:91
30:91
5:91
6:94
26:92
31:96
21:93
12:97
10:98
14:92
21:95
