0:99:94:89:0:0:0:0:0:0:0:0:0:0
99:0:95:0:0:0:0:98:0:0:0:0:0:0
94:95:0:0:0:94:0:0:0:0:0:0:0:0
89:0:0:0:95:0:0:0:91:0:0:0:0:0
0:0:0:95:0:96:88:0:0:0:0:0:0:0
0:0:94:0:96:0:0:0:0:86:0:0:89:0
0:0:0:0:88:0:0:95:0:0:0:0:0:0
0:98:0:0:0:0:95:0:0:0:87:0:0:0
0:0:0:91:0:0:0:0:0:0:0:91:0:89
0:0:0:0:0:86:0:0:0:0:87:0:0:0
0:0:0:0:0:0:0:87:0:87:0:99:0:99
0:0:0:0:0:0:0:0:91:0:99:0:89:0
0:0:0:0:0:89:0:0:0:0:0:89:0:88
0:0:0:0:0:0:0:0:89:0:99:0:88:0

0:93:39:77:0:0:0:0:0:0:0:0:0:0
93:0:83:0:0:0:0:73:0:0:0:0:0:0
39:83:0:0:0:72:0:0:0:0:0:0:0:0
77:0:0:0:41:0:0:0:73:0:0:0:0:0
0:0:0:41:0:57:67:0:0:0:0:0:0:0
0:0:72:0:57:0:0:0:0:48:0:0:42:0
0:0:0:0:67:0:0:100:0:0:0:0:0:0
0:73:0:0:0:0:100:0:0:0:65:0:0:0
0:0:0:73:0:0:0:0:0:0:0:64:0:97
0:0:0:0:0:48:0:0:0:0:37:0:0:0
0:0:0:0:0:0:0:65:0:37:0:65:0:31
0:0:0:0:0:0:0:0:64:0:65:0:36:0
0:0:0:0:0:42:0:0:0:0:0:36:0:70
0:0:0:0:0:0:0:0:97:0:31:0:70:0

0:3:6:15:0:0:0:0:0:0:0:0:0:0
3:0:3:0:0:0:0:0:0:0:0:0:0:0
6:3:0:0:0:15:0:0:0:0:0:0:0:0
15:0:0:0:21:0:0:0:12:0:0:0:0:0
0:0:0:21:0:37:23:0:0:0:0:0:0:0
0:0:15:0:37:0:0:0:0:0:0:0:54:0
0:0:0:0:23:0:0:0:0:0:0:0:0:0
0:0:0:0:0:0:0:0:0:0:2:0:0:0
0:0:0:12:0:0:0:0:0:0:0:4:0:1
0:0:0:0:0:0:0:0:0:0:32:0:0:0
0:0:0:0:0:0:0:2:0:32:0:17:0:56
0:0:0:0:0:0:0:0:4:0:17:0:46:0
0:0:0:0:0:54:0:0:0:0:0:46:0:24
0:0:0:0:0:0:0:0:1:0:56:0:24:0

6:90
19:98
12:96
11:97
18:91
28:92
32:96
23:91
6:93
28:98
17:90
31:93
8:94
8:97
