0:88:94:90:0:0:0:0:0:0:0:0:0:0
88:0:94:0:0:0:0:95:0:0:0:0:0:0
94:94:0:0:0:86:0:0:0:0:0:0:0:0
90:0:0:0:95:0:0:0:95:0:0:0:0:0
0:0:0:95:0:90:86:0:0:0:0:0:0:0
0:0:86:0:90:0:0:0:0:95:0:0:88:0
0:0:0:0:86:0:0:90:0:0:0:0:0:0
0:95:0:0:0:0:90:0:0:0:93:0:0:0
0:0:0:95:0:0:0:0:0:0:0:87:0:99
0:0:0:0:0:95:0:0:0:0:99:0:0:0
0:0:0:0:0:0:0:93:0:99:0:99:0:92
0:0:0:0:0:0:0:0:87:0:99:0:93:0
0:0:0:0:0:88:0:0:0:0:0:93:0:98
0:0:0:0:0:0:0:0:99:0:92:0:98:0

0:83:99:57:0:0:0:0:0:0:0:0:0:0
83:0:64:0:0:0:0:48:0:0:0:0:0:0
99:64:0:0:0:89:0:0:0:0:0:0:0:0
57:0:0:0:59:0:0:0:35:0:0:0:0:0
0:0:0:59:0:37:38:0:0:0:0:0:0:0
0:0:89:0:37:0:0:0:0:64:0:0:84:0
0:0:0:0:38:0:0:44:0:0:0:0:0:0
0:48:0:0:0:0:44:0:0:0:60:0:0:0
0:0:0:35:0:0:0:0:0:0:0:83:0:47
0:0:0:0:0:64:0:0:0:0:43:0:0:0
0:0:0:0:0:0:0:60:0:43:0:98:0:75
0:0:0:0:0:0:0:0:83:0:98:0:41:0
0:0:0:0:0:84:0:0:0:0:0:41:0:69
0:0:0:0:0:0:0:0:47:0:75:0:69:0

0:10:0:11:0:0:0:0:0:0:0:0:0:0
10:0:32:0:0:0:0:39:0:0:0:0:0:0
0:32:0:0:0:1:0:0:0:0:0:0:0:0
11:0:0:0:2:0:0:0:37:0:0:0:0:0
0:0:0:2:0:55:13:0:0:0:0:0:0:0
0:0:1:0:55:0:0:0:0:35:0:0:0:0
0:0:0:0:13:0:0:29:0:0:0:0:0:0
0:39:0:0:0:0:29:0:0:0:1:0:0:0
0:0:0:37:0:0:0:0:0:0:0:8:0:32
0:0:0:0:0:35:0:0:0:0:24:0:0:0
0:0:0:0:0:0:0:1:0:24:0:0:0:10
0:0:0:0:0:0:0:0:8:0:0:0:16:0
0:0:0:0:0:0:0:0:0:0:0:16:0:20
0:0:0:0:0:0:0:0:32:0:10:0:20:0

27:96
22:91
7:93
33:98
25:91
28:99
25:95
32:94
25:91
26:98
22:90
9:97
31:97
18:93
