0:97:97:86:0:0:0:0:0:0:0:0:0:0
97:0:99:0:0:0:0:96:0:0:0:0:0:0
97:99:0:0:0:95:0:0:0:0:0:0:0:0
86:0:0:0:89:0:0:0:93:0:0:0:0:0
0:0:0:89:0:86:85:0:0:0:0:0:0:0
0:0:95:0:86:0:0:0:0:99:0:0:93:0
0:0:0:0:85:0:0:94:0:0:0:0:0:0
0:96:0:0:0:0:94:0:0:0:96:0:0:0
0:0:0:93:0:0:0:0:0:0:0:90:0:96
0:0:0:0:0:99:0:0:0:0:86:0:0:0
0:0:0:0:0:0:0:96:0:86:0:87:0:91
0:0:0:0:0:0:0:0:90:0:87:0:90:0
0:0:0:0:0:93:0:0:0:0:0:90:0:91
0:0:0:0:0:0:0:0:96:0:91:0:91:0

0:30:76:91:0:0:0:0:0:0:0:0:0:0
30:0:30:0:0:0:0:49:0:0:0:0:0:0
76:30:0:0:0:59:0:0:0:0:0:0:0:0
91:0:0:0:100:0:0:0:50:0:0:0:0:0
0:0:0:100:0:78:56:0:0:0:0:0:0:0
0:0:59:0:78:0:0:0:0:63:0:0:43:0
0:0:0:0:56:0:0:67:0:0:0:0:0:0
0:49:0:0:0:0:67:0:0:0:60:0:0:0
0:0:0:50:0:0:0:0:0:0:0:54:0:66
0:0:0:0:0:63:0:0:0:0:76:0:0:0
0:0:0:0:0:0:0:60:0:76:0:53:0:51
0:0:0:0:0:0:0:0:54:0:53:0:36:0
0:0:0:0:0:43:0:0:0:0:0:36:0:44
0:0:0:0:0:0:0:0:66:0:51:0:44:0

0:46:20:0:0:0:0:0:0:0:0:0:0:0
46:0:31:0:0:0:0:20:0:0:0:0:0:0
20:31:0:0:0:31:0:0:0:0:0:0:0:0
0:0:0:0:0:0:0:0:33:0:0:0:0:0
0:0:0:0:0:9:31:0:0:0:0:0:0:0
0:0:31:0:9:0:0:0:0:25:0:0:28:0
0:0:0:0:31:0:0:23:0:0:0:0:0:0
0:20:0:0:0:0:23:0:0:0:37:0:0:0
0:0:0:33:0:0:0:0:0:0:0:23:0:28
0:0:0:0:0:25:0:0:0:0:2:0:0:0
0:0:0:0:0:0:0:37:0:2:0:1:0:12
0:0:0:0:0:0:0:0:23:0:1:0:7:0
0:0:0:0:0:28:0:0:0:0:0:7:0:4
0:0:0:0:0:0:0:0:28:0:12:0:4:0

34:94
18:91
15:98
32:94
19:99
33:94
9:99
35:91
25:98
26:92
13:98
21:99
13:93
26:93
