0:92:99:97:0:0:0:0:0:0:0:0:0:0
92:0:93:0:0:0:0:88:0:0:0:0:0:0
99:93:0:0:0:97:0:0:0:0:0:0:0:0
97:0:0:0:87:0:0:0:99:0:0:0:0:0
0:0:0:87:0:92:95:0:0:0:0:0:0:0
0:0:97:0:92:0:0:0:0:96:0:0:91:0
0:0:0:0:95:0:0:96:0:0:0:0:0:0
0:88:0:0:0:0:96:0:0:0:99:0:0:0
0:0:0:99:0:0:0:0:0:0:0:95:0:97
0:0:0:0:0:96:0:0:0:0:85:0:0:0
0:0:0:0:0:0:0:99:0:85:0:85:0:92
0:0:0:0:0:0:0:0:95:0:85:0:98:0
0:0:0:0:0:91:0:0:0:0:0:98:0:99
0:0:0:0:0:0:0:0:97:0:92:0:99:0

0:67:95:46:0:0:0:0:0:0:0:0:0:0
67:0:80:0:0:0:0:81:0:0:0:0:0:0
95:80:0:0:0:48:0:0:0:0:0:0:0:0
46:0:0:0:43:0:0:0:43:0:0:0:0:0
0:0:0:43:0:61:45:0:0:0:0:0:0:0
0:0:48:0:61:0:0:0:0:45:0:0:53:0
0:0:0:0:45:0:0:45:0:0:0:0:0:0
0:81:0:0:0:0:45:0:0:0:86:0:0:0
0:0:0:43:0:0:0:0:0:0:0:36:0:39
0:0:0:0:0:45:0:0:0:0:86:0:0:0
0:0:0:0:0:0:0:86:0:86:0:92:0:84
0:0:0:0:0:0:0:0:36:0:92:0:78:0
0:0:0:0:0:53:0:0:0:0:0:78:0:82
0:0:0:0:0:0:0:0:39:0:84:0:82:0

0:21:1:29:0:0:0:0:0:0:0:0:0:0
21:0:20:0:0:0:0:0:0:0:0:0:0:0
1:20:0:0:0:41:0:0:0:0:0:0:0:0
29:0:0:0:23:0:0:0:39:0:0:0:0:0
0:0:0:23:0:12:10:0:0:0:0:0:0:0
0:0:41:0:12:0:0:0:0:47:0:0:44:0
0:0:0:0:10:0:0:51:0:0:0:0:0:0
0:0:0:0:0:0:51:0:0:0:4:0:0:0
0:0:0:39:0:0:0:0:0:0:0:26:0:52
0:0:0:0:0:47:0:0:0:0:8:0:0:0
0:0:0:0:0:0:0:4:0:8:0:2:0:5
0:0:0:0:0:0:0:0:26:0:2:0:12:0
0:0:0:0:0:44:0:0:0:0:0:12:0:10
0:0:0:0:0:0:0:0:52:0:5:0:10:0

8:98
16:99
17:98
23:97
35:93
10:95
27:97
10:93
24:98
19:94
28:94
12:95
10:90
19:97
