0:86:87:86:0:0:0:0:0:0:0:0:0:0
86:0:95:0:0:0:0:91:0:0:0:0:0:0
87:95:0:0:0:99:0:0:0:0:0:0:0:0
86:0:0:0:92:0:0:0:88:0:0:0:0:0
0:0:0:92:0:94:91:0:0:0:0:0:0:0
0:0:99:0:94:0:0:0:0:89:0:0:99:0
0:0:0:0:91:0:0:98:0:0:0:0:0:0
0:91:0:0:0:0:98:0:0:0:97:0:0:0
0:0:0:88:0:0:0:0:0:0:0:98:0:87
0:0:0:0:0:89:0:0:0:0:93:0:0:0
0:0:0:0:0:0:0:97:0:93:0:88:0:90
0:0:0:0:0:0:0:0:98:0:88:0:91:0
0:0:0:0:0:99:0:0:0:0:0:91:0:89
0:0:0:0:0:0:0:0:87:0:90:0:89:0

0:66:34:63:0:0:0:0:0:0:0:0:0:0
66:0:35:0:0:0:0:89:0:0:0:0:0:0
34:35:0:0:0:34:0:0:0:0:0:0:0:0
63:0:0:0:90:0:0:0:51:0:0:0:0:0
0:0:0:90:0:98:83:0:0:0:0:0:0:0
0:0:34:0:98:0:0:0:0:98:0:0:59:0
0:0:0:0:83:0:0:46:0:0:0:0:0:0
0:89:0:0:0:0:46:0:0:0:99:0:0:0
0:0:0:51:0:0:0:0:0:0:0:37:0:96
0:0:0:0:0:98:0:0:0:0:67:0:0:0
0:0:0:0:0:0:0:99:0:67:0:64:0:32
0:0:0:0:0:0:0:0:37:0:64:0:93:0
0:0:0:0:0:59:0:0:0:0:0:93:0:59
0:0:0:0:0:0:0:0:96:0:32:0:59:0

0:29:20:34:0:0:0:0:0:0:0:0:0:0
29:0:32:0:0:0:0:9:0:0:0:0:0:0
20:32:0:0:0:31:0:0:0:0:0:0:0:0
34:0:0:0:3:0:0:0:49:0:0:0:0:0
0:0:0:3:0:0:0:0:0:0:0:0:0:0
0:0:31:0:0:0:0:0:0:2:0:0:38:0
0:0:0:0:0:0:0:38:0:0:0:0:0:0
0:9:0:0:0:0:38:0:0:0:0:0:0:0
0:0:0:49:0:0:0:0:0:0:0:52:0:0
0:0:0:0:0:2:0:0:0:0:20:0:0:0
0:0:0:0:0:0:0:0:0:20:0:14:0:53
0:0:0:0:0:0:0:0:52:0:14:0:3:0
0:0:0:0:0:38:0:0:0:0:0:3:0:21
0:0:0:0:0:0:0:0:0:0:53:0:21:0

9:91
33:98
31:93
10:97
25:94
30:91
11:95
30:95
31:94
7:95
16:99
12:95
10:92
29:92
