0:86:86:98:0:0:0:0:0:0:0:0:0:0
86:0:91:0:0:0:0:86:0:0:0:0:0:0
86:91:0:0:0:91:0:0:0:0:0:0:0:0
98:0:0:0:86:0:0:0:85:0:0:0:0:0
0:0:0:86:0:94:93:0:0:0:0:0:0:0
0:0:91:0:94:0:0:0:0:98:0:0:99:0
0:0:0:0:93:0:0:99:0:0:0:0:0:0
0:86:0:0:0:0:99:0:0:0:86:0:0:0
0:0:0:85:0:0:0:0:0:0:0:96:0:95
0:0:0:0:0:98:0:0:0:0:88:0:0:0
0:0:0:0:0:0:0:86:0:88:0:86:0:95
0:0:0:0:0:0:0:0:96:0:86:0:85:0
0:0:0:0:0:99:0:0:0:0:0:85:0:91
0:0:0:0:0:0:0:0:95:0:95:0:91:0

0:63:61:66:0:0:0:0:0:0:0:0:0:0
63:0:94:0:0:0:0:80:0:0:0:0:0:0
61:94:0:0:0:95:0:0:0:0:0:0:0:0
66:0:0:0:86:0:0:0:97:0:0:0:0:0
0:0:0:86:0:81:40:0:0:0:0:0:0:0
0:0:95:0:81:0:0:0:0:37:0:0:92:0
0:0:0:0:40:0:0:30:0:0:0:0:0:0
0:80:0:0:0:0:30:0:0:0:72:0:0:0
0:0:0:97:0:0:0:0:0:0:0:68:0:81
0:0:0:0:0:37:0:0:0:0:76:0:0:0
0:0:0:0:0:0:0:72:0:76:0:57:0:31
0:0:0:0:0:0:0:0:68:0:57:0:34:0
0:0:0:0:0:92:0:0:0:0:0:34:0:70
0:0:0:0:0:0:0:0:81:0:31:0:70:0

0:10:3:11:0:0:0:0:0:0:0:0:0:0
10:0:3:0:0:0:0:16:0:0:0:0:0:0
3:3:0:0:0:0:0:0:0:0:0:0:0:0
11:0:0:0:4:0:0:0:2:0:0:0:0:0
0:0:0:4:0:19:15:0:0:0:0:0:0:0
0:0:0:0:19:0:0:0:0:36:0:0:4:0
0:0:0:0:15:0:0:60:0:0:0:0:0:0
0:16:0:0:0:0:60:0:0:0:27:0:0:0
0:0:0:2:0:0:0:0:0:0:0:27:0:16
0:0:0:0:0:36:0:0:0:0:8:0:0:0
0:0:0:0:0:0:0:27:0:8:0:2:0:47
0:0:0:0:0:0:0:0:27:0:2:0:56:0
0:0:0:0:0:4:0:0:0:0:0:56:0:1
0:0:0:0:0:0:0:0:16:0:47:0:1:0

20:97
35:95
28:99
18:99
19:93
30:97
29:96
30:95
17:95
11:95
23:93
5:90
11:90
14:91
