0:89:88:87:0:0:0:0:0:0:0:0:0:0
89:0:88:0:0:0:0:98:0:0:0:0:0:0
88:88:0:0:0:88:0:0:0:0:0:0:0:0
87:0:0:0:97:0:0:0:86:0:0:0:0:0
0:0:0:97:0:87:99:0:0:0:0:0:0:0
0:0:88:0:87:0:0:0:0:92:0:0:95:0
0:0:0:0:99:0:0:91:0:0:0:0:0:0
0:98:0:0:0:0:91:0:0:0:93:0:0:0
0:0:0:86:0:0:0:0:0:0:0:95:0:95
0:0:0:0:0:92:0:0:0:0:95:0:0:0
0:0:0:0:0:0:0:93:0:95:0:91:0:86
0:0:0:0:0:0:0:0:95:0:91:0:96:0
0:0:0:0:0:95:0:0:0:0:0:96:0:89
0:0:0:0:0:0:0:0:95:0:86:0:89:0

0:53:35:89:0:0:0:0:0:0:0:0:0:0
53:0:93:0:0:0:0:88:0:0:0:0:0:0
35:93:0:0:0:34:0:0:0:0:0:0:0:0
89:0:0:0:44:0:0:0:40:0:0:0:0:0
0:0:0:44:0:79:43:0:0:0:0:0:0:0
0:0:34:0:79:0:0:0:0:37:0:0:38:0
0:0:0:0:43:0:0:41:0:0:0:0:0:0
0:88:0:0:0:0:41:0:0:0:32:0:0:0
0:0:0:40:0:0:0:0:0:0:0:71:0:96
0:0:0:0:0:37:0:0:0:0:79:0:0:0
0:0:0:0:0:0:0:32:0:79:0:85:0:42
0:0:0:0:0:0:0:0:71:0:85:0:30:0
0:0:0:0:0:38:0:0:0:0:0:30:0:45
0:0:0:0:0:0:0:0:96:0:42:0:45:0

0:0:64:8:0:0:0:0:0:0:0:0:0:0
0:0:1:0:0:0:0:6:0:0:0:0:0:0
64:1:0:0:0:37:0:0:0:0:0:0:0:0
8:0:0:0:31:0:0:0:32:0:0:0:0:0
0:0:0:31:0:15:22:0:0:0:0:0:0:0
0:0:37:0:15:0:0:0:0:58:0:0:39:0
0:0:0:0:22:0:0:33:0:0:0:0:0:0
0:6:0:0:0:0:33:0:0:0:8:0:0:0
0:0:0:32:0:0:0:0:0:0:0:4:0:0
0:0:0:0:0:58:0:0:0:0:5:0:0:0
0:0:0:0:0:0:0:8:0:5:0:8:0:36
0:0:0:0:0:0:0:0:4:0:8:0:10:0
0:0:0:0:0:39:0:0:0:0:0:10:0:11
0:0:0:0:0:0:0:0:0:0:36:0:11:0

10:91
35:98
34:93
6:91
8:94
9:93
21:92
19:98
5:96
9:93
21:94
14:91
28:97
29:93
