0:90:89:87:0:0:0:0:0:0:0:0:0:0
90:0:89:0:0:0:0:91:0:0:0:0:0:0
89:89:0:0:0:97:0:0:0:0:0:0:0:0
87:0:0:0:95:0:0:0:95:0:0:0:0:0
0:0:0:95:0:96:99:0:0:0:0:0:0:0
0:0:97:0:96:0:0:0:0:89:0:0:91:0
0:0:0:0:99:0:0:85:0:0:0:0:0:0
0:91:0:0:0:0:85:0:0:0:93:0:0:0
0:0:0:95:0:0:0:0:0:0:0:95:0:89
0:0:0:0:0:89:0:0:0:0:87:0:0:0
0:0:0:0:0:0:0:93:0:87:0:97:0:86
0:0:0:0:0:0:0:0:95:0:97:0:90:0
0:0:0:0:0:91:0:0:0:0:0:90:0:90
0:0:0:0:0:0:0:0:89:0:86:0:90:0

0:78:100:43:0:0:0:0:0:0:0:0:0:0
78:0:51:0:0:0:0:75:0:0:0:0:0:0
100:51:0:0:0:48:0:0:0:0:0:0:0:0
43:0:0:0:52:0:0:0:32:0:0:0:0:0
0:0:0:52:0:57:99:0:0:0:0:0:0:0
0:0:48:0:57:0:0:0:0:77:0:0:71:0
0:0:0:0:99:0:0:93:0:0:0:0:0:0
0:75:0:0:0:0:93:0:0:0:95:0:0:0
0:0:0:32:0:0:0:0:0:0:0:32:0:68
0:0:0:0:0:77:0:0:0:0:62:0:0:0
0:0:0:0:0:0:0:95:0:62:0:97:0:53
0:0:0:0:0:0:0:0:32:0:97:0:88:0
0:0:0:0:0:71:0:0:0:0:0:88:0:91
0:0:0:0:0:0:0:0:68:0:53:0:91:0

0:14:0:28:0:0:0:0:0:0:0:0:0:0
14:0:44:0:0:0:0:20:0:0:0:0:0:0
0:44:0:0:0:46:0:0:0:0:0:0:0:0
28:0:0:0:35:0:0:0:57:0:0:0:0:0
0:0:0:35:0:28:1:0:0:0:0:0:0:0
0:0:46:0:28:0:0:0:0:18:0:0:5:0
0:0:0:0:1:0:0:3:0:0:0:0:0:0
0:20:0:0:0:0:3:0:0:0:2:0:0:0
0:0:0:57:0:0:0:0:0:0:0:57:0:28
0:0:0:0:0:18:0:0:0:0:22:0:0:0
0:0:0:0:0:0:0:2:0:22:0:3:0:43
0:0:0:0:0:0:0:0:57:0:3:0:3:0
0:0:0:0:0:5:0:0:0:0:0:3:0:2
0:0:0:0:0:0:0:0:28:0:43:0:2:0

18:90
33:96
8:94
8:93
21:91
8:91
17:99
17:97
25:90
23:96
24:93
6:99
26:96
5:90
