0:97:95:89:0:0:0:0:0:0:0:0:0:0
97:0:95:0:0:0:0:91:0:0:0:0:0:0
95:95:0:0:0:89:0:0:0:0:0:0:0:0
89:0:0:0:88:0:0:0:85:0:0:0:0:0
0:0:0:88:0:85:99:0:0:0:0:0:0:0
0:0:89:0:85:0:0:0:0:90:0:0:90:0
0:0:0:0:99:0:0:85:0:0:0:0:0:0
0:91:0:0:0:0:85:0:0:0:97:0:0:0
0:0:0:85:0:0:0:0:0:0:0:88:0:92
0:0:0:0:0:90:0:0:0:0:86:0:0:0
0:0:0:0:0:0:0:97:0:86:0:98:0:93
0:0:0:0:0:0:0:0:88:0:98:0:88:0
0:0:0:0:0:90:0:0:0:0:0:88:0:98
0:0:0:0:0:0:0:0:92:0:93:0:98:0

0:84:63:73:0:0:0:0:0:0:0:0:0:0
84:0:97:0:0:0:0:63:0:0:0:0:0:0
63:97:0:0:0:54:0:0:0:0:0:0:0:0
73:0:0:0:61:0:0:0:36:0:0:0:0:0
0:0:0:61:0:31:64:0:0:0:0:0:0:0
0:0:54:0:31:0:0:0:0:90:0:0:51:0
0:0:0:0:64:0:0:43:0:0:0:0:0:0
0:63:0:0:0:0:43:0:0:0:51:0:0:0
0:0:0:36:0:0:0:0:0:0:0:82:0:97
0:0:0:0:0:90:0:0:0:0:93:0:0:0
0:0:0:0:0:0:0:51:0:93:0:56:0:35
0:0:0:0:0:0:0:0:82:0:56:0:60:0
0:0:0:0:0:51:0:0:0:0:0:60:0:32
0:0:0:0:0:0:0:0:97:0:35:0:32:0

0:11:2:25:0:0:0:0:0:0:0:0:0:0
11:0:3:0:0:0:0:30:0:0:0:0:0:0
2:3:0:0:0:16:0:0:0:0:0:0:0:0
25:0:0:0:20:0:0:0:55:0:0:0:0:0
0:0:0:20:0:18:11:0:0:0:0:0:0:0
0:0:16:0:18:0:0:0:0:0:0:0:11:0
0:0:0:0:11:0:0:56:0:0:0:0:0:0
0:30:0:0:0:0:56:0:0:0:9:0:0:0
0:0:0:55:0:0:0:0:0:0:0:10:0:1
0:0:0:0:0:0:0:0:0:0:7:0:0:0
0:0:0:0:0:0:0:9:0:7:0:19:0:45
0:0:0:0:0:0:0:0:10:0:19:0:29:0
0:0:0:0:0:11:0:0:0:0:0:29:0:5
0:0:0:0:0:0:0:0:1:0:45:0:5:0

28:93
8:97
31:91
23:91
5:95
32:92
20:90
5:94
9:91
26:99
8:98
23:97
28:98
31:98
