0:92:92:97:0:0:0:0:0:0:0:0:0:0
92:0:94:0:0:0:0:99:0:0:0:0:0:0
92:94:0:0:0:88:0:0:0:0:0:0:0:0
97:0:0:0:98:0:0:0:88:0:0:0:0:0
0:0:0:98:0:99:96:0:0:0:0:0:0:0
0:0:88:0:99:0:0:0:0:98:0:0:87:0
0:0:0:0:96:0:0:99:0:0:0:0:0:0
0:99:0:0:0:0:99:0:0:0:93:0:0:0
0:0:0:88:0:0:0:0:0:0:0:92:0:90
0:0:0:0:0:98:0:0:0:0:88:0:0:0
0:0:0:0:0:0:0:93:0:88:0:93:0:99
0:0:0:0:0:0:0:0:92:0:93:0:99:0
0:0:0:0:0:87:0:0:0:0:0:99:0:96
0:0:0:0:0:0:0:0:90:0:99:0:96:0

0:52:81:52:0:0:0:0:0:0:0:0:0:0
52:0:99:0:0:0:0:79:0:0:0:0:0:0
81:99:0:0:0:76:0:0:0:0:0:0:0:0
52:0:0:0:36:0:0:0:82:0:0:0:0:0
0:0:0:36:0:94:62:0:0:0:0:0:0:0
0:0:76:0:94:0:0:0:0:32:0:0:81:0
0:0:0:0:62:0:0:90:0:0:0:0:0:0
0:79:0:0:0:0:90:0:0:0:75:0:0:0
0:0:0:82:0:0:0:0:0:0:0:49:0:34
0:0:0:0:0:32:0:0:0:0:97:0:0:0
0:0:0:0:0:0:0:75:0:97:0:72:0:85
0:0:0:0:0:0:0:0:49:0:72:0:51:0
0:0:0:0:0:81:0:0:0:0:0:51:0:37
0:0:0:0:0:0:0:0:34:0:85:0:37:0

0:23:4:13:0:0:0:0:0:0:0:0:0:0
23:0:1:0:0:0:0:14:0:0:0:0:0:0
4:1:0:0:0:20:0:0:0:0:0:0:0:0
13:0:0:0:2:0:0:0:3:0:0:0:0:0
0:0:0:2:0:1:8:0:0:0:0:0:0:0
0:0:20:0:1:0:0:0:0:23:0:0:8:0
0:0:0:0:8:0:0:1:0:0:0:0:0:0
0:14:0:0:0:0:1:0:0:0:4:0:0:0
0:0:0:3:0:0:0:0:0:0:0:36:0:14
0:0:0:0:0:23:0:0:0:0:2:0:0:0
0:0:0:0:0:0:0:4:0:2:0:0:0:1
0:0:0:0:0:0:0:0:36:0:0:0:44:0
0:0:0:0:0:8:0:0:0:0:0:44:0:62
0:0:0:0:0:0:0:0:14:0:1:0:62:0

27:90
8:95
35:93
9:99
17:98
5:95
20:94
6:98
20:99
31:91
6:98
29:92
25:94
6:96
