0:88:85:95:0:0:0:0:0:0:0:0:0:0
88:0:88:0:0:0:0:94:0:0:0:0:0:0
85:88:0:0:0:88:0:0:0:0:0:0:0:0
95:0:0:0:93:0:0:0:90:0:0:0:0:0
0:0:0:93:0:96:97:0:0:0:0:0:0:0
0:0:88:0:96:0:0:0:0:98:0:0:89:0
0:0:0:0:97:0:0:96:0:0:0:0:0:0
0:94:0:0:0:0:96:0:0:0:90:0:0:0
0:0:0:90:0:0:0:0:0:0:0:85:0:99
0:0:0:0:0:98:0:0:0:0:99:0:0:0
0:0:0:0:0:0:0:90:0:99:0:96:0:88
0:0:0:0:0:0:0:0:85:0:96:0:99:0
0:0:0:0:0:89:0:0:0:0:0:99:0:94
0:0:0:0:0:0:0:0:99:0:88:0:94:0

0:66:89:60:0:0:0:0:0:0:0:0:0:0
66:0:76:0:0:0:0:91:0:0:0:0:0:0
89:76:0:0:0:35:0:0:0:0:0:0:0:0
60:0:0:0:94:0:0:0:44:0:0:0:0:0
0:0:0:94:0:45:45:0:0:0:0:0:0:0
0:0:35:0:45:0:0:0:0:52:0:0:71:0
0:0:0:0:45:0:0:70:0:0:0:0:0:0
0:91:0:0:0:0:70:0:0:0:45:0:0:0
0:0:0:44:0:0:0:0:0:0:0:90:0:53
0:0:0:0:0:52:0:0:0:0:47:0:0:0
0:0:0:0:0:0:0:45:0:47:0:76:0:87
0:0:0:0:0:0:0:0:90:0:76:0:66:0
0:0:0:0:0:71:0:0:0:0:0:66:0:65
0:0:0:0:0:0:0:0:53:0:87:0:65:0

0:12:5:21:0:0:0:0:0:0:0:0:0:0
12:0:11:0:0:0:0:3:0:0:0:0:0:0
5:11:0:0:0:32:0:0:0:0:0:0:0:0
21:0:0:0:0:0:0:0:1:0:0:0:0:0
0:0:0:0:0:21:21:0:0:0:0:0:0:0
0:0:32:0:21:0:0:0:0:44:0:0:28:0
0:0:0:0:21:0:0:12:0:0:0:0:0:0
0:3:0:0:0:0:12:0:0:0:0:0:0:0
0:0:0:1:0:0:0:0:0:0:0:1:0:45
0:0:0:0:0:44:0:0:0:0:16:0:0:0
0:0:0:0:0:0:0:0:0:16:0:8:0:0
0:0:0:0:0:0:0:0:1:0:8:0:20:0
0:0:0:0:0:28:0:0:0:0:0:20:0:16
0:0:0:0:0:0:0:0:45:0:0:0:16:0

15:93
27:94
7:98
35:90
15:94
18:98
31:98
21:97
25:97
31:96
29:92
12:92
25:96
9:97
