0:89:88:85:0:0:0:0:0:0:0:0:0:0
89:0:95:0:0:0:0:85:0:0:0:0:0:0
88:95:0:0:0:87:0:0:0:0:0:0:0:0
85:0:0:0:89:0:0:0:89:0:0:0:0:0
0:0:0:89:0:86:96:0:0:0:0:0:0:0
0:0:87:0:86:0:0:0:0:86:0:0:96:0
0:0:0:0:96:0:0:87:0:0:0:0:0:0
0:85:0:0:0:0:87:0:0:0:98:0:0:0
0:0:0:89:0:0:0:0:0:0:0:85:0:90
0:0:0:0:0:86:0:0:0:0:86:0:0:0
0:0:0:0:0:0:0:98:0:86:0:97:0:93
0:0:0:0:0:0:0:0:85:0:97:0:98:0
0:0:0:0:0:96:0:0:0:0:0:98:0:88
0:0:0:0:0:0:0:0:90:0:93:0:88:0

0:53:32:31:0:0:0:0:0:0:0:0:0:0
53:0:63:0:0:0:0:50:0:0:0:0:0:0
32:63:0:0:0:65:0:0:0:0:0:0:0:0
31:0:0:0:60:0:0:0:43:0:0:0:0:0
0:0:0:60:0:98:92:0:0:0:0:0:0:0
0:0:65:0:98:0:0:0:0:86:0:0:93:0
0:0:0:0:92:0:0:63:0:0:0:0:0:0
0:50:0:0:0:0:63:0:0:0:39:0:0:0
0:0:0:43:0:0:0:0:0:0:0:76:0:88
0:0:0:0:0:86:0:0:0:0:43:0:0:0
0:0:0:0:0:0:0:39:0:43:0:55:0:69
0:0:0:0:0:0:0:0:76:0:55:0:45:0
0:0:0:0:0:93:0:0:0:0:0:45:0:65
0:0:0:0:0:0:0:0:88:0:69:0:65:0

0:10:39:24:0:0:0:0:0:0:0:0:0:0
10:0:29:0:0:0:0:8:0:0:0:0:0:0
39:29:0:0:0:17:0:0:0:0:0:0:0:0
24:0:0:0:31:0:0:0:47:0:0:0:0:0
0:0:0:31:0:2:2:0:0:0:0:0:0:0
0:0:17:0:2:0:0:0:0:12:0:0:1:0
0:0:0:0:2:0:0:1:0:0:0:0:0:0
0:8:0:0:0:0:1:0:0:0:59:0:0:0
0:0:0:47:0:0:0:0:0:0:0:14:0:0
0:0:0:0:0:12:0:0:0:0:5:0:0:0
0:0:0:0:0:0:0:59:0:5:0:36:0:25
0:0:0:0:0:0:0:0:14:0:36:0:50:0
0:0:0:0:0:1:0:0:0:0:0:50:0:5
0:0:0:0:0:0:0:0:0:0:25:0:5:0

18:97
28:97
16:93
25:96
13:95
25:91
21:98
26:93
16:90
15:91
31:98
29:93
5:98
26:97
