0:86:86:97:0:0:0:0:0:0:0:0:0:0
86:0:85:0:0:0:0:96:0:0:0:0:0:0
86:85:0:0:0:90:0:0:0:0:0:0:0:0
97:0:0:0:96:0:0:0:97:0:0:0:0:0
0:0:0:96:0:89:91:0:0:0:0:0:0:0
0:0:90:0:89:0:0:0:0:87:0:0:98:0
0:0:0:0:91:0:0:90:0:0:0:0:0:0
0:96:0:0:0:0:90:0:0:0:89:0:0:0
0:0:0:97:0:0:0:0:0:0:0:88:0:86
0:0:0:0:0:87:0:0:0:0:99:0:0:0
0:0:0:0:0:0:0:89:0:99:0:85:0:91
0:0:0:0:0:0:0:0:88:0:85:0:93:0
0:0:0:0:0:98:0:0:0:0:0:93:0:99
0:0:0:0:0:0:0:0:86:0:91:0:99:0

0:78:94:87:0:0:0:0:0:0:0:0:0:0
78:0:100:0:0:0:0:51:0:0:0:0:0:0
94:100:0:0:0:69:0:0:0:0:0:0:0:0
87:0:0:0:39:0:0:0:91:0:0:0:0:0
0:0:0:39:0:56:38:0:0:0:0:0:0:0
0:0:69:0:56:0:0:0:0:54:0:0:95:0
0:0:0:0:38:0:0:96:0:0:0:0:0:0
0:51:0:0:0:0:96:0:0:0:81:0:0:0
0:0:0:91:0:0:0:0:0:0:0:57:0:96
0:0:0:0:0:54:0:0:0:0:54:0:0:0
0:0:0:0:0:0:0:81:0:54:0:46:0:66
0:0:0:0:0:0:0:0:57:0:46:0:69:0
0:0:0:0:0:95:0:0:0:0:0:69:0:62
0:0:0:0:0:0:0:0:96:0:66:0:62:0

0:14:2:8:0:0:0:0:0:0:0:0:0:0
14:0:0:0:0:0:0:45:0:0:0:0:0:0
2:0:0:0:0:24:0:0:0:0:0:0:0:0
8:0:0:0:19:0:0:0:3:0:0:0:0:0
0:0:0:19:0:37:26:0:0:0:0:0:0:0
0:0:24:0:37:0:0:0:0:7:0:0:2:0
0:0:0:0:26:0:0:0:0:0:0:0:0:0
0:45:0:0:0:0:0:0:0:0:15:0:0:0
0:0:0:3:0:0:0:0:0:0:0:0:0:0
0:0:0:0:0:7:0:0:0:0:21:0:0:0
0:0:0:0:0:0:0:15:0:21:0:24:0:23
0:0:0:0:0:0:0:0:0:0:24:0:23:0
0:0:0:0:0:2:0:0:0:0:0:23:0:10
0:0:0:0:0:0:0:0:0:0:23:0:10:0

19:98
10:96
11:96
35:96
5:92
31:98
6:94
7:96
13:90
22:94
5:92
25:92
17:92
15:93
