0:90:86:85:0:0:0:0:0:0:0:0:0:0
90:0:94:0:0:0:0:98:0:0:0:0:0:0
86:94:0:0:0:87:0:0:0:0:0:0:0:0
85:0:0:0:97:0:0:0:88:0:0:0:0:0
0:0:0:97:0:94:94:0:0:0:0:0:0:0
0:0:87:0:94:0:0:0:0:97:0:0:92:0
0:0:0:0:94:0:0:85:0:0:0:0:0:0
0:98:0:0:0:0:85:0:0:0:93:0:0:0
0:0:0:88:0:0:0:0:0:0:0:94:0:86
0:0:0:0:0:97:0:0:0:0:86:0:0:0
0:0:0:0:0:0:0:93:0:86:0:88:0:90
0:0:0:0:0:0:0:0:94:0:88:0:88:0
0:0:0:0:0:92:0:0:0:0:0:88:0:96
0:0:0:0:0:0:0:0:86:0:90:0:96:0

0:63:45:35:0:0:0:0:0:0:0:0:0:0
63:0:55:0:0:0:0:34:0:0:0:0:0:0
45:55:0:0:0:99:0:0:0:0:0:0:0:0
35:0:0:0:37:0:0:0:82:0:0:0:0:0
0:0:0:37:0:73:69:0:0:0:0:0:0:0
0:0:99:0:73:0:0:0:0:84:0:0:82:0
0:0:0:0:69:0:0:79:0:0:0:0:0:0
0:34:0:0:0:0:79:0:0:0:57:0:0:0
0:0:0:82:0:0:0:0:0:0:0:87:0:48
0:0:0:0:0:84:0:0:0:0:83:0:0:0
0:0:0:0:0:0:0:57:0:83:0:82:0:82
0:0:0:0:0:0:0:0:87:0:82:0:99:0
0:0:0:0:0:82:0:0:0:0:0:99:0:50
0:0:0:0:0:0:0:0:48:0:82:0:50:0

0:19:24:9:0:0:0:0:0:0:0:0:0:0
19:0:30:0:0:0:0:6:0:0:0:0:0:0
24:30:0:0:0:1:0:0:0:0:0:0:0:0
9:0:0:0:56:0:0:0:3:0:0:0:0:0
0:0:0:56:0:22:13:0:0:0:0:0:0:0
0:0:1:0:22:0:0:0:0:0:0:0:4:0
0:0:0:0:13:0:0:16:0:0:0:0:0:0
0:6:0:0:0:0:16:0:0:0:36:0:0:0
0:0:0:3:0:0:0:0:0:0:0:7:0:49
0:0:0:0:0:0:0:0:0:0:15:0:0:0
0:0:0:0:0:0:0:36:0:15:0:2:0:12
0:0:0:0:0:0:0:0:7:0:2:0:1:0
0:0:0:0:0:4:0:0:0:0:0:1:0:10
0:0:0:0:0:0:0:0:49:0:12:0:10:0

24:95
17:91
10:97
5:91
6:97
7:95
13:95
15:99
20:91
30:95
8:98
31:96
8:93
26:95
