0:91:88:85:0:0:0:0:0:0:0:0:0:0
91:0:96:0:0:0:0:85:0:0:0:0:0:0
88:96:0:0:0:96:0:0:0:0:0:0:0:0
85:0:0:0:98:0:0:0:86:0:0:0:0:0
0:0:0:98:0:90:95:0:0:0:0:0:0:0
0:0:96:0:90:0:0:0:0:98:0:0:95:0
0:0:0:0:95:0:0:88:0:0:0:0:0:0
0:85:0:0:0:0:88:0:0:0:94:0:0:0
0:0:0:86:0:0:0:0:0:0:0:92:0:94
0:0:0:0:0:98:0:0:0:0:86:0:0:0
0:0:0:0:0:0:0:94:0:86:0:98:0:93
0:0:0:0:0:0:0:0:92:0:98:0:92:0
0:0:0:0:0:95:0:0:0:0:0:92:0:99
0:0:0:0:0:0:0:0:94:0:93:0:99:0

0:60:33:87:0:0:0:0:0:0:0:0:0:0
60:0:62:0:0:0:0:33:0:0:0:0:0:0
33:62:0:0:0:42:0:0:0:0:0:0:0:0
87:0:0:0:98:0:0:0:80:0:0:0:0:0
0:0:0:98:0:89:88:0:0:0:0:0:0:0
0:0:42:0:89:0:0:0:0:44:0:0:79:0
0:0:0:0:88:0:0:40:0:0:0:0:0:0
0:33:0:0:0:0:40:0:0:0:80:0:0:0
0:0:0:80:0:0:0:0:0:0:0:51:0:73
0:0:0:0:0:44:0:0:0:0:40:0:0:0
0:0:0:0:0:0:0:80:0:40:0:96:0:68
0:0:0:0:0:0:0:0:51:0:96:0:95:0
0:0:0:0:0:79:0:0:0:0:0:95:0:99
0:0:0:0:0:0:0:0:73:0:68:0:99:0

0:24:8:11:0:0:0:0:0:0:0:0:0:0
24:0:28:0:0:0:0:67:0:0:0:0:0:0
8:28:0:0:0:38:0:0:0:0:0:0:0:0
11:0:0:0:0:0:0:0:8:0:0:0:0:0
0:0:0:0:0:0:0:0:0:0:0:0:0:0
0:0:38:0:0:0:0:0:0:50:0:0:17:0
0:0:0:0:0:0:0:33:0:0:0:0:0:0
0:67:0:0:0:0:33:0:0:0:15:0:0:0
0:0:0:8:0:0:0:0:0:0:0:49:0:11
0:0:0:0:0:50:0:0:0:0:2:0:0:0
0:0:0:0:0:0:0:15:0:2:0:2:0:2
0:0:0:0:0:0:0:0:49:0:2:0:1:0
0:0:0:0:0:17:0:0:0:0:0:1:0:0
0:0:0:0:0:0:0:0:11:0:2:0:0:0

9:93
25:95
21:99
9:90
10:94
33:98
30:98
12:97
17:96
23:92
18:96
11:94
14:96
27:96
