0:97:90:88:0:0:0:0:0:0:0:0:0:0
97:0:92:0:0:0:0:97:0:0:0:0:0:0
90:92:0:0:0:92:0:0:0:0:0:0:0:0
88:0:0:0:85:0:0:0:96:0:0:0:0:0
0:0:0:85:0:93:94:0:0:0:0:0:0:0
0:0:92:0:93:0:0:0:0:93:0:0:94:0
0:0:0:0:94:0:0:96:0:0:0:0:0:0
0:97:0:0:0:0:96:0:0:0:95:0:0:0
0:0:0:96:0:0:0:0:0:0:0:85:0:97
0:0:0:0:0:93:0:0:0:0:91:0:0:0
0:0:0:0:0:0:0:95:0:91:0:89:0:87
0:0:0:0:0:0:0:0:85:0:89:0:95:0
0:0:0:0:0:94:0:0:0:0:0:95:0:85
0:0:0:0:0:0:0:0:97:0:87:0:85:0

0:92:36:75:0:0:0:0:0:0:0:0:0:0
92:0:82:0:0:0:0:56:0:0:0:0:0:0
36:82:0:0:0:93:0:0:0:0:0:0:0:0
75:0:0:0:97:0:0:0:35:0:0:0:0:0
0:0:0:97:0:68:67:0:0:0:0:0:0:0
0:0:93:0:68:0:0:0:0:84:0:0:88:0
0:0:0:0:67:0:0:58:0:0:0:0:0:0
0:56:0:0:0:0:58:0:0:0:65:0:0:0
0:0:0:35:0:0:0:0:0:0:0:38:0:78
0:0:0:0:0:84:0:0:0:0:56:0:0:0
0:0:0:0:0:0:0:65:0:56:0:83:0:84
0:0:0:0:0:0:0:0:38:0:83:0:65:0
0:0:0:0:0:88:0:0:0:0:0:65:0:63
0:0:0:0:0:0:0:0:78:0:84:0:63:0

0:2:30:4:0:0:0:0:0:0:0:0:0:0
2:0:10:0:0:0:0:17:0:0:0:0:0:0
30:10:0:0:0:7:0:0:0:0:0:0:0:0
4:0:0:0:0:0:0:0:30:0:0:0:0:0
0:0:0:0:0:11:7:0:0:0:0:0:0:0
0:0:7:0:11:0:0:0:0:16:0:0:11:0
0:0:0:0:7:0:0:15:0:0:0:0:0:0
0:17:0:0:0:0:15:0:0:0:22:0:0:0
0:0:0:30:0:0:0:0:0:0:0:50:0:4
0:0:0:0:0:16:0:0:0:0:29:0:0:0
0:0:0:0:0:0:0:22:0:29:0:17:0:2
0:0:0:0:0:0:0:0:50:0:17:0:18:0
0:0:0:0:0:11:0:0:0:0:0:18:0:1
0:0:0:0:0:0:0:0:4:0:2:0:1:0

6:98
5:93
18:95
24:91
9:91
12:91
27:97
13:97
9:90
30:99
6:96
26:98
24:92
31:96
