0:89:90:91:0:0:0:0:0:0:0:0:0:0
89:0:98:0:0:0:0:92:0:0:0:0:0:0
90:98:0:0:0:96:0:0:0:0:0:0:0:0
91:0:0:0:95:0:0:0:91:0:0:0:0:0
0:0:0:95:0:98:86:0:0:0:0:0:0:0
0:0:96:0:98:0:0:0:0:87:0:0:97:0
0:0:0:0:86:0:0:85:0:0:0:0:0:0
0:92:0:0:0:0:85:0:0:0:92:0:0:0
0:0:0:91:0:0:0:0:0:0:0:85:0:86
0:0:0:0:0:87:0:0:0:0:89:0:0:0
0:0:0:0:0:0:0:92:0:89:0:89:0:87
0:0:0:0:0:0:0:0:85:0:89:0:89:0
0:0:0:0:0:97:0:0:0:0:0:89:0:96
0:0:0:0:0:0:0:0:86:0:87:0:96:0

0:91:32:69:0:0:0:0:0:0:0:0:0:0
91:0:98:0:0:0:0:90:0:0:0:0:0:0
32:98:0:0:0:49:0:0:0:0:0:0:0:0
69:0:0:0:82:0:0:0:47:0:0:0:0:0
0:0:0:82:0:83:78:0:0:0:0:0:0:0
0:0:49:0:83:0:0:0:0:70:0:0:68:0
0:0:0:0:78:0:0:39:0:0:0:0:0:0
0:90:0:0:0:0:39:0:0:0:74:0:0:0
0:0:0:47:0:0:0:0:0:0:0:56:0:100
0:0:0:0:0:70:0:0:0:0:66:0:0:0
0:0:0:0:0:0:0:74:0:66:0:87:0:91
0:0:0:0:0:0:0:0:56:0:87:0:61:0
0:0:0:0:0:68:0:0:0:0:0:61:0:87
0:0:0:0:0:0:0:0:100:0:91:0:87:0

0:1:30:23:0:0:0:0:0:0:0:0:0:0
1:0:2:0:0:0:0:1:0:0:0:0:0:0
30:2:0:0:0:8:0:0:0:0:0:0:0:0
23:0:0:0:17:0:0:0:15:0:0:0:0:0
0:0:0:17:0:3:19:0:0:0:0:0:0:0
0:0:8:0:3:0:0:0:0:21:0:0:16:0
0:0:0:0:19:0:0:61:0:0:0:0:0:0
0:1:0:0:0:0:61:0:0:0:19:0:0:0
0:0:0:15:0:0:0:0:0:0:0:35:0:0
0:0:0:0:0:21:0:0:0:0:8:0:0:0
0:0:0:0:0:0:0:19:0:8:0:10:0:7
0:0:0:0:0:0:0:0:35:0:10:0:29:0
0:0:0:0:0:16:0:0:0:0:0:29:0:0
0:0:0:0:0:0:0:0:0:0:7:0:0:0

19:93
25:99
9:97
17:90
31:92
33:94
15:94
22:97
27:92
31:91
35:92
31:92
7:90
11:94
