0:87:88:95:0:0:0:0:0:0:0:0:0:0
87:0:94:0:0:0:0:99:0:0:0:0:0:0
88:94:0:0:0:94:0:0:0:0:0:0:0:0
95:0:0:0:97:0:0:0:92:0:0:0:0:0
0:0:0:97:0:86:95:0:0:0:0:0:0:0
0:0:94:0:86:0:0:0:0:90:0:0:86:0
0:0:0:0:95:0:0:87:0:0:0:0:0:0
0:99:0:0:0:0:87:0:0:0:94:0:0:0
0:0:0:92:0:0:0:0:0:0:0:88:0:99
0:0:0:0:0:90:0:0:0:0:97:0:0:0
0:0:0:0:0:0:0:94:0:97:0:88:0:94
0:0:0:0:0:0:0:0:88:0:88:0:95:0
0:0:0:0:0:86:0:0:0:0:0:95:0:92
0:0:0:0:0:0:0:0:99:0:94:0:92:0

0:93:98:96:0:0:0:0:0:0:0:0:0:0
93:0:83:0:0:0:0:30:0:0:0:0:0:0
98:83:0:0:0:39:0:0:0:0:0:0:0:0
96:0:0:0:71:0:0:0:46:0:0:0:0:0
0:0:0:71:0:64:73:0:0:0:0:0:0:0
0:0:39:0:64:0:0:0:0:81:0:0:48:0
0:0:0:0:73:0:0:68:0:0:0:0:0:0
0:30:0:0:0:0:68:0:0:0:32:0:0:0
0:0:0:46:0:0:0:0:0:0:0:66:0:85
0:0:0:0:0:81:0:0:0:0:65:0:0:0
0:0:0:0:0:0:0:32:0:65:0:82:0:75
0:0:0:0:0:0:0:0:66:0:82:0:47:0
0:0:0:0:0:48:0:0:0:0:0:47:0:59
0:0:0:0:0:0:0:0:85:0:75:0:59:0

0:7:1:4:0:0:0:0:0:0:0:0:0:0
7:0:17:0:0:0:0:32:0:0:0:0:0:0
1:17:0:0:0:61:0:0:0:0:0:0:0:0
4:0:0:0:4:0:0:0:31:0:0:0:0:0
0:0:0:4:0:10:22:0:0:0:0:0:0:0
0:0:61:0:10:0:0:0:0:10:0:0:17:0
0:0:0:0:22:0:0:18:0:0:0:0:0:0
0:32:0:0:0:0:18:0:0:0:17:0:0:0
0:0:0:31:0:0:0:0:0:0:0:22:0:3
0:0:0:0:0:10:0:0:0:0:1:0:0:0
0:0:0:0:0:0:0:17:0:1:0:11:0:7
0:0:0:0:0:0:0:0:22:0:11:0:31:0
0:0:0:0:0:17:0:0:0:0:0:31:0:17
0:0:0:0:0:0:0:0:3:0:7:0:17:0

35:97
21:90
27:99
17:96
30:99
20:98
35:96
9:98
5:95
11:96
5:90
24:90
29:97
16:97
