0:86:96:85:0:0:0:0:0:0:0:0:0:0
86:0:88:0:0:0:0:97:0:0:0:0:0:0
96:88:0:0:0:90:0:0:0:0:0:0:0:0
85:0:0:0:92:0:0:0:88:0:0:0:0:0
0:0:0:92:0:87:86:0:0:0:0:0:0:0
0:0:90:0:87:0:0:0:0:96:0:0:89:0
0:0:0:0:86:0:0:94:0:0:0:0:0:0
0:97:0:0:0:0:94:0:0:0:86:0:0:0
0:0:0:88:0:0:0:0:0:0:0:95:0:95
0:0:0:0:0:96:0:0:0:0:92:0:0:0
0:0:0:0:0:0:0:86:0:92:0:94:0:95
0:0:0:0:0:0:0:0:95:0:94:0:97:0
0:0:0:0:0:89:0:0:0:0:0:97:0:97
0:0:0:0:0:0:0:0:95:0:95:0:97:0

0:99:55:67:0:0:0:0:0:0:0:0:0:0
99:0:72:0:0:0:0:54:0:0:0:0:0:0
55:72:0:0:0:43:0:0:0:0:0:0:0:0
67:0:0:0:81:0:0:0:84:0:0:0:0:0
0:0:0:81:0:87:42:0:0:0:0:0:0:0
0:0:43:0:87:0:0:0:0:62:0:0:33:0
0:0:0:0:42:0:0:32:0:0:0:0:0:0
0:54:0:0:0:0:32:0:0:0:35:0:0:0
0:0:0:84:0:0:0:0:0:0:0:88:0:78
0:0:0:0:0:62:0:0:0:0:90:0:0:0
0:0:0:0:0:0:0:35:0:90:0:95:0:97
0:0:0:0:0:0:0:0:88:0:95:0:64:0
0:0:0:0:0:33:0:0:0:0:0:64:0:44
0:0:0:0:0:0:0:0:78:0:97:0:44:0

0:1:19:0:0:0:0:0:0:0:0:0:0:0
1:0:23:0:0:0:0:1:0:0:0:0:0:0
19:23:0:0:0:48:0:0:0:0:0:0:0:0
0:0:0:0:0:0:0:0:12:0:0:0:0:0
0:0:0:0:0:11:15:0:0:0:0:0:0:0
0:0:48:0:11:0:0:0:0:4:0:0:49:0
0:0:0:0:15:0:0:36:0:0:0:0:0:0
0:1:0:0:0:0:36:0:0:0:8:0:0:0
0:0:0:12:0:0:0:0:0:0:0:9:0:9
0:0:0:0:0:4:0:0:0:0:4:0:0:0
0:0:0:0:0:0:0:8:0:4:0:5:0:2
0:0:0:0:0:0:0:0:9:0:5:0:26:0
0:0:0:0:0:49:0:0:0:0:0:26:0:7
0:0:0:0:0:0:0:0:9:0:2:0:7:0

31:93
22:95
7:97
16:96
20:91
34:99
28:94
13:92
17:91
7:97
25:99
6:91
8:92
30:97
