0:91:86:99:0:0:0:0:0:0:0:0:0:0
91:0:90:0:0:0:0:86:0:0:0:0:0:0
86:90:0:0:0:87:0:0:0:0:0:0:0:0
99:0:0:0:95:0:0:0:90:0:0:0:0:0
0:0:0:95:0:96:98:0:0:0:0:0:0:0
0:0:87:0:96:0:0:0:0:96:0:0:99:0
0:0:0:0:98:0:0:97:0:0:0:0:0:0
0:86:0:0:0:0:97:0:0:0:92:0:0:0
0:0:0:90:0:0:0:0:0:0:0:99:0:98
0:0:0:0:0:96:0:0:0:0:95:0:0:0
0:0:0:0:0:0:0:92:0:95:0:94:0:94
0:0:0:0:0:0:0:0:99:0:94:0:92:0
0:0:0:0:0:99:0:0:0:0:0:92:0:87
0:0:0:0:0:0:0:0:98:0:94:0:87:0

0:83:79:88:0:0:0:0:0:0:0:0:0:0
83:0:51:0:0:0:0:36:0:0:0:0:0:0
79:51:0:0:0:89:0:0:0:0:0:0:0:0
88:0:0:0:32:0:0:0:43:0:0:0:0:0
0:0:0:32:0:82:61:0:0:0:0:0:0:0
0:0:89:0:82:0:0:0:0:82:0:0:55:0
0:0:0:0:61:0:0:62:0:0:0:0:0:0
0:36:0:0:0:0:62:0:0:0:79:0:0:0
0:0:0:43:0:0:0:0:0:0:0:88:0:89
0:0:0:0:0:82:0:0:0:0:56:0:0:0
0:0:0:0:0:0:0:79:0:56:0:96:0:32
0:0:0:0:0:0:0:0:88:0:96:0:69:0
0:0:0:0:0:55:0:0:0:0:0:69:0:59
0:0:0:0:0:0:0:0:89:0:32:0:59:0

0:3:11:4:0:0:0:0:0:0:0:0:0:0
3:0:24:0:0:0:0:8:0:0:0:0:0:0
11:24:0:0:0:9:0:0:0:0:0:0:0:0
4:0:0:0:6:0:0:0:49:0:0:0:0:0
0:0:0:6:0:4:22:0:0:0:0:0:0:0
0:0:9:0:4:0:0:0:0:12:0:0:31:0
0:0:0:0:22:0:0:4:0:0:0:0:0:0
0:8:0:0:0:0:4:0:0:0:18:0:0:0
0:0:0:49:0:0:0:0:0:0:0:6:0:3
0:0:0:0:0:12:0:0:0:0:22:0:0:0
0:0:0:0:0:0:0:18:0:22:0:4:0:9
0:0:0:0:0:0:0:0:6:0:4:0:14:0
0:0:0:0:0:31:0:0:0:0:0:14:0:34
0:0:0:0:0:0:0:0:3:0:9:0:34:0

8:99
25:95
14:92
26:97
35:94
13:91
23:98
23:90
27:90
16:97
20:95
14:92
15:98
10:95
