0:97:92:87:0:0:0:0:0:0:0:0:0:0
97:0:94:0:0:0:0:94:0:0:0:0:0:0
92:94:0:0:0:98:0:0:0:0:0:0:0:0
87:0:0:0:90:0:0:0:94:0:0:0:0:0
0:0:0:90:0:89:86:0:0:0:0:0:0:0
0:0:98:0:89:0:0:0:0:92:0:0:93:0
0:0:0:0:86:0:0:85:0:0:0:0:0:0
0:94:0:0:0:0:85:0:0:0:99:0:0:0
0:0:0:94:0:0:0:0:0:0:0:88:0:99
0:0:0:0:0:92:0:0:0:0:89:0:0:0
0:0:0:0:0:0:0:99:0:89:0:99:0:87
0:0:0:0:0:0:0:0:88:0:99:0:96:0
0:0:0:0:0:93:0:0:0:0:0:96:0:88
0:0:0:0:0:0:0:0:99:0:87:0:88:0

0:52:50:32:0:0:0:0:0:0:0:0:0:0
52:0:92:0:0:0:0:44:0:0:0:0:0:0
50:92:0:0:0:70:0:0:0:0:0:0:0:0
32:0:0:0:88:0:0:0:93:0:0:0:0:0
0:0:0:88:0:51:76:0:0:0:0:0:0:0
0:0:70:0:51:0:0:0:0:97:0:0:68:0
0:0:0:0:76:0:0:99:0:0:0:0:0:0
0:44:0:0:0:0:99:0:0:0:47:0:0:0
0:0:0:93:0:0:0:0:0:0:0:86:0:55
0:0:0:0:0:97:0:0:0:0:32:0:0:0
0:0:0:0:0:0:0:47:0:32:0:77:0:46
0:0:0:0:0:0:0:0:86:0:77:0:75:0
0:0:0:0:0:68:0:0:0:0:0:75:0:42
0:0:0:0:0:0:0:0:55:0:46:0:42:0

0:36:10:13:0:0:0:0:0:0:0:0:0:0
36:0:6:0:0:0:0:44:0:0:0:0:0:0
10:6:0:0:0:3:0:0:0:0:0:0:0:0
13:0:0:0:7:0:0:0:6:0:0:0:0:0
0:0:0:7:0:11:20:0:0:0:0:0:0:0
0:0:3:0:11:0:0:0:0:1:0:0:32:0
0:0:0:0:20:0:0:0:0:0:0:0:0:0
0:44:0:0:0:0:0:0:0:0:38:0:0:0
0:0:0:6:0:0:0:0:0:0:0:3:0:34
0:0:0:0:0:1:0:0:0:0:43:0:0:0
0:0:0:0:0:0:0:38:0:43:0:5:0:4
0:0:0:0:0:0:0:0:3:0:5:0:8:0
0:0:0:0:0:32:0:0:0:0:0:8:0:56
0:0:0:0:0:0:0:0:34:0:4:0:56:0

25:99
32:94
35:91
28:91
10:90
25:98
18:94
19:97
23:92
11:90
22:95
23:99
32:91
22:96
