0:97:92:91:0:0:0:0:0:0:0:0:0:0
97:0:95:0:0:0:0:92:0:0:0:0:0:0
92:95:0:0:0:97:0:0:0:0:0:0:0:0
91:0:0:0:88:0:0:0:86:0:0:0:0:0
0:0:0:88:0:98:95:0:0:0:0:0:0:0
0:0:97:0:98:0:0:0:0:91:0:0:86:0
0:0:0:0:95:0:0:98:0:0:0:0:0:0
0:92:0:0:0:0:98:0:0:0:95:0:0:0
0:0:0:86:0:0:0:0:0:0:0:91:0:96
0:0:0:0:0:91:0:0:0:0:98:0:0:0
0:0:0:0:0:0:0:95:0:98:0:88:0:93
0:0:0:0:0:0:0:0:91:0:88:0:87:0
0:0:0:0:0:86:0:0:0:0:0:87:0:97
0:0:0:0:0:0:0:0:96:0:93:0:97:0

0:46:55:100:0:0:0:0:0:0:0:0:0:0
46:0:46:0:0:0:0:64:0:0:0:0:0:0
55:46:0:0:0:45:0:0:0:0:0:0:0:0
100:0:0:0:84:0:0:0:35:0:0:0:0:0
0:0:0:84:0:91:51:0:0:0:0:0:0:0
0:0:45:0:91:0:0:0:0:88:0:0:34:0
0:0:0:0:51:0:0:60:0:0:0:0:0:0
0:64:0:0:0:0:60:0:0:0:49:0:0:0
0:0:0:35:0:0:0:0:0:0:0:97:0:41
0:0:0:0:0:88:0:0:0:0:56:0:0:0
0:0:0:0:0:0:0:49:0:56:0:40:0:43
0:0:0:0:0:0:0:0:97:0:40:0:70:0
0:0:0:0:0:34:0:0:0:0:0:70:0:99
0:0:0:0:0:0:0:0:41:0:43:0:99:0

0:19:2:0:0:0:0:0:0:0:0:0:0:0
19:0:32:0:0:0:0:17:0:0:0:0:0:0
2:32:0:0:0:53:0:0:0:0:0:0:0:0
0:0:0:0:7:0:0:0:60:0:0:0:0:0
0:0:0:7:0:5:4:0:0:0:0:0:0:0
0:0:53:0:5:0:0:0:0:11:0:0:41:0
0:0:0:0:4:0:0:17:0:0:0:0:0:0
0:17:0:0:0:0:17:0:0:0:18:0:0:0
0:0:0:60:0:0:0:0:0:0:0:0:0:24
0:0:0:0:0:11:0:0:0:0:18:0:0:0
0:0:0:0:0:0:0:18:0:18:0:26:0:8
0:0:0:0:0:0:0:0:0:0:26:0:1:0
0:0:0:0:0:41:0:0:0:0:0:1:0:0
0:0:0:0:0:0:0:0:24:0:8:0:0:0

9:90
27:97
26:95
17:91
34:94
24:96
19:94
7:95
12:90
27:97
29:95
13:97
30:98
13:91
