0:94:89:88:0:0:0:0:0:0:0:0:0:0
94:0:88:0:0:0:0:86:0:0:0:0:0:0
89:88:0:0:0:90:0:0:0:0:0:0:0:0
88:0:0:0:94:0:0:0:88:0:0:0:0:0
0:0:0:94:0:92:86:0:0:0:0:0:0:0
0:0:90:0:92:0:0:0:0:99:0:0:94:0
0:0:0:0:86:0:0:88:0:0:0:0:0:0
0:86:0:0:0:0:88:0:0:0:94:0:0:0
0:0:0:88:0:0:0:0:0:0:0:85:0:93
0:0:0:0:0:99:0:0:0:0:86:0:0:0
0:0:0:0:0:0:0:94:0:86:0:93:0:88
0:0:0:0:0:0:0:0:85:0:93:0:85:0
0:0:0:0:0:94:0:0:0:0:0:85:0:97
0:0:0:0:0:0:0:0:93:0:88:0:97:0

0:81:56:39:0:0:0:0:0:0:0:0:0:0
81:0:60:0:0:0:0:90:0:0:0:0:0:0
56:60:0:0:0:31:0:0:0:0:0:0:0:0
39:0:0:0:46:0:0:0:50:0:0:0:0:0
0:0:0:46:0:68:45:0:0:0:0:0:0:0
0:0:31:0:68:0:0:0:0:80:0:0:41:0
0:0:0:0:45:0:0:68:0:0:0:0:0:0
0:90:0:0:0:0:68:0:0:0:43:0:0:0
0:0:0:50:0:0:0:0:0:0:0:78:0:59
0:0:0:0:0:80:0:0:0:0:82:0:0:0
0:0:0:0:0:0:0:43:0:82:0:90:0:35
0:0:0:0:0:0:0:0:78:0:90:0:63:0
0:0:0:0:0:41:0:0:0:0:0:63:0:71
0:0:0:0:0:0:0:0:59:0:35:0:71:0

0:19:22:10:0:0:0:0:0:0:0:0:0:0
19:0:29:0:0:0:0:6:0:0:0:0:0:0
22:29:0:0:0:54:0:0:0:0:0:0:0:0
10:0:0:0:51:0:0:0:28:0:0:0:0:0
0:0:0:51:0:6:47:0:0:0:0:0:0:0
0:0:54:0:6:0:0:0:0:5:0:0:53:0
0:0:0:0:47:0:0:27:0:0:0:0:0:0
0:6:0:0:0:0:27:0:0:0:52:0:0:0
0:0:0:28:0:0:0:0:0:0:0:21:0:20
0:0:0:0:0:5:0:0:0:0:8:0:0:0
0:0:0:0:0:0:0:52:0:8:0:9:0:29
0:0:0:0:0:0:0:0:21:0:9:0:34:0
0:0:0:0:0:53:0:0:0:0:0:34:0:14
0:0:0:0:0:0:0:0:20:0:29:0:14:0

26:96
30:92
5:97
18:90
14:92
29:94
26:95
14:97
32:97
25:96
32:94
7:91
7:96
25:90
