0:98:95:90:0:0:0:0:0:0:0:0:0:0
98:0:88:0:0:0:0:92:0:0:0:0:0:0
95:88:0:0:0:96:0:0:0:0:0:0:0:0
90:0:0:0:90:0:0:0:90:0:0:0:0:0
0:0:0:90:0:91:95:0:0:0:0:0:0:0
0:0:96:0:91:0:0:0:0:98:0:0:93:0
0:0:0:0:95:0:0:94:0:0:0:0:0:0
0:92:0:0:0:0:94:0:0:0:89:0:0:0
0:0:0:90:0:0:0:0:0:0:0:85:0:86
0:0:0:0:0:98:0:0:0:0:99:0:0:0
0:0:0:0:0:0:0:89:0:99:0:92:0:85
0:0:0:0:0:0:0:0:85:0:92:0:92:0
0:0:0:0:0:93:0:0:0:0:0:92:0:90
0:0:0:0:0:0:0:0:86:0:85:0:90:0

0:82:65:71:0:0:0:0:0:0:0:0:0:0
82:0:71:0:0:0:0:91:0:0:0:0:0:0
65:71:0:0:0:37:0:0:0:0:0:0:0:0
71:0:0:0:79:0:0:0:84:0:0:0:0:0
0:0:0:79:0:80:73:0:0:0:0:0:0:0
0:0:37:0:80:0:0:0:0:56:0:0:47:0
0:0:0:0:73:0:0:41:0:0:0:0:0:0
0:91:0:0:0:0:41:0:0:0:69:0:0:0
0:0:0:84:0:0:0:0:0:0:0:44:0:84
0:0:0:0:0:56:0:0:0:0:35:0:0:0
0:0:0:0:0:0:0:69:0:35:0:42:0:46
0:0:0:0:0:0:0:0:44:0:42:0:88:0
0:0:0:0:0:47:0:0:0:0:0:88:0:86
0:0:0:0:0:0:0:0:84:0:46:0:86:0

0:7:32:15:0:0:0:0:0:0:0:0:0:0
7:0:21:0:0:0:0:0:0:0:0:0:0:0
32:21:0:0:0:22:0:0:0:0:0:0:0:0
15:0:0:0:0:0:0:0:13:0:0:0:0:0
0:0:0:0:0:1:5:0:0:0:0:0:0:0
0:0:22:0:1:0:0:0:0:2:0:0:17:0
0:0:0:0:5:0:0:18:0:0:0:0:0:0
0:0:0:0:0:0:18:0:0:0:31:0:0:0
0:0:0:13:0:0:0:0:0:0:0:25:0:1
0:0:0:0:0:2:0:0:0:0:24:0:0:0
0:0:0:0:0:0:0:31:0:24:0:43:0:52
0:0:0:0:0:0:0:0:25:0:43:0:5:0
0:0:0:0:0:17:0:0:0:0:0:5:0:9
0:0:0:0:0:0:0:0:1:0:52:0:9:0

22:99
27:91
27:92
15:95
29:94
8:94
28:94
8:95
20:95
13:91
33:94
20:96
22:95
28:93
