0:86:87:91:0:0:0:0:0:0:0:0:0:0
86:0:87:0:0:0:0:92:0:0:0:0:0:0
87:87:0:0:0:90:0:0:0:0:0:0:0:0
91:0:0:0:93:0:0:0:93:0:0:0:0:0
0:0:0:93:0:93:89:0:0:0:0:0:0:0
0:0:90:0:93:0:0:0:0:92:0:0:96:0
0:0:0:0:89:0:0:85:0:0:0:0:0:0
0:92:0:0:0:0:85:0:0:0:97:0:0:0
0:0:0:93:0:0:0:0:0:0:0:98:0:94
0:0:0:0:0:92:0:0:0:0:89:0:0:0
0:0:0:0:0:0:0:97:0:89:0:91:0:93
0:0:0:0:0:0:0:0:98:0:91:0:86:0
0:0:0:0:0:96:0:0:0:0:0:86:0:85
0:0:0:0:0:0:0:0:94:0:93:0:85:0

0:53:33:34:0:0:0:0:0:0:0:0:0:0
53:0:79:0:0:0:0:52:0:0:0:0:0:0
33:79:0:0:0:81:0:0:0:0:0:0:0:0
34:0:0:0:74:0:0:0:85:0:0:0:0:0
0:0:0:74:0:66:51:0:0:0:0:0:0:0
0:0:81:0:66:0:0:0:0:66:0:0:35:0
0:0:0:0:51:0:0:59:0:0:0:0:0:0
0:52:0:0:0:0:59:0:0:0:62:0:0:0
0:0:0:85:0:0:0:0:0:0:0:68:0:90
0:0:0:0:0:66:0:0:0:0:93:0:0:0
0:0:0:0:0:0:0:62:0:93:0:55:0:42
0:0:0:0:0:0:0:0:68:0:55:0:98:0
0:0:0:0:0:35:0:0:0:0:0:98:0:59
0:0:0:0:0:0:0:0:90:0:42:0:59:0

0:3:63:23:0:0:0:0:0:0:0:0:0:0
3:0:13:0:0:0:0:46:0:0:0:0:0:0
63:13:0:0:0:14:0:0:0:0:0:0:0:0
23:0:0:0:25:0:0:0:13:0:0:0:0:0
0:0:0:25:0:33:36:0:0:0:0:0:0:0
0:0:14:0:33:0:0:0:0:12:0:0:57:0
0:0:0:0:36:0:0:34:0:0:0:0:0:0
0:46:0:0:0:0:34:0:0:0:30:0:0:0
0:0:0:13:0:0:0:0:0:0:0:26:0:3
0:0:0:0:0:12:0:0:0:0:0:0:0:0
0:0:0:0:0:0:0:30:0:0:0:13:0:19
0:0:0:0:0:0:0:0:26:0:13:0:0:0
0:0:0:0:0:57:0:0:0:0:0:0:0:37
0:0:0:0:0:0:0:0:3:0:19:0:37:0

10:94
32:98
18:98
32:99
30:97
12:90
11:94
13:90
26:94
25:97
19:99
33:90
23:90
25:92
