0:97:90:89:0:0:0:0:0:0:0:0:0:0
97:0:89:0:0:0:0:98:0:0:0:0:0:0
90:89:0:0:0:88:0:0:0:0:0:0:0:0
89:0:0:0:89:0:0:0:90:0:0:0:0:0
0:0:0:89:0:98:87:0:0:0:0:0:0:0
0:0:88:0:98:0:0:0:0:89:0:0:86:0
0:0:0:0:87:0:0:85:0:0:0:0:0:0
0:98:0:0:0:0:85:0:0:0:95:0:0:0
0:0:0:90:0:0:0:0:0:0:0:88:0:97
0:0:0:0:0:89:0:0:0:0:89:0:0:0
0:0:0:0:0:0:0:95:0:89:0:94:0:99
0:0:0:0:0:0:0:0:88:0:94:0:95:0
0:0:0:0:0:86:0:0:0:0:0:95:0:89
0:0:0:0:0:0:0:0:97:0:99:0:89:0

0:88:80:55:0:0:0:0:0:0:0:0:0:0
88:0:56:0:0:0:0:71:0:0:0:0:0:0
80:56:0:0:0:71:0:0:0:0:0:0:0:0
55:0:0:0:76:0:0:0:30:0:0:0:0:0
0:0:0:76:0:97:98:0:0:0:0:0:0:0
0:0:71:0:97:0:0:0:0:98:0:0:76:0
0:0:0:0:98:0:0:97:0:0:0:0:0:0
0:71:0:0:0:0:97:0:0:0:74:0:0:0
0:0:0:30:0:0:0:0:0:0:0:44:0:95
0:0:0:0:0:98:0:0:0:0:71:0:0:0
0:0:0:0:0:0:0:74:0:71:0:36:0:96
0:0:0:0:0:0:0:0:44:0:36:0:44:0
0:0:0:0:0:76:0:0:0:0:0:44:0:34
0:0:0:0:0:0:0:0:95:0:96:0:34:0

0:0:15:24:0:0:0:0:0:0:0:0:0:0
0:0:5:0:0:0:0:3:0:0:0:0:0:0
15:5:0:0:0:21:0:0:0:0:0:0:0:0
24:0:0:0:15:0:0:0:60:0:0:0:0:0
0:0:0:15:0:1:0:0:0:0:0:0:0:0
0:0:21:0:1:0:0:0:0:2:0:0:12:0
0:0:0:0:0:0:0:0:0:0:0:0:0:0
0:3:0:0:0:0:0:0:0:0:9:0:0:0
0:0:0:60:0:0:0:0:0:0:0:18:0:5
0:0:0:0:0:2:0:0:0:0:28:0:0:0
0:0:0:0:0:0:0:9:0:28:0:62:0:3
0:0:0:0:0:0:0:0:18:0:62:0:28:0
0:0:0:0:0:12:0:0:0:0:0:28:0:6
0:0:0:0:0:0:0:0:5:0:3:0:6:0

22:91
5:98
8:95
20:90
11:96
22:93
28:99
6:96
11:98
15:92
19:97
30:94
33:94
30:93
