0:96:93:87:0:0:0:0:0:0:0:0:0:0
96:0:99:0:0:0:0:98:0:0:0:0:0:0
93:99:0:0:0:92:0:0:0:0:0:0:0:0
87:0:0:0:99:0:0:0:92:0:0:0:0:0
0:0:0:99:0:98:99:0:0:0:0:0:0:0
0:0:92:0:98:0:0:0:0:96:0:0:88:0
0:0:0:0:99:0:0:92:0:0:0:0:0:0
0:98:0:0:0:0:92:0:0:0:91:0:0:0
0:0:0:92:0:0:0:0:0:0:0:89:0:89
0:0:0:0:0:96:0:0:0:0:87:0:0:0
0:0:0:0:0:0:0:91:0:87:0:90:0:88
0:0:0:0:0:0:0:0:89:0:90:0:88:0
0:0:0:0:0:88:0:0:0:0:0:88:0:93
0:0:0:0:0:0:0:0:89:0:88:0:93:0

0:62:83:46:0:0:0:0:0:0:0:0:0:0
62:0:60:0:0:0:0:84:0:0:0:0:0:0
83:60:0:0:0:73:0:0:0:0:0:0:0:0
46:0:0:0:86:0:0:0:94:0:0:0:0:0
0:0:0:86:0:94:38:0:0:0:0:0:0:0
0:0:73:0:94:0:0:0:0:81:0:0:87:0
0:0:0:0:38:0:0:95:0:0:0:0:0:0
0:84:0:0:0:0:95:0:0:0:51:0:0:0
0:0:0:94:0:0:0:0:0:0:0:87:0:30
0:0:0:0:0:81:0:0:0:0:59:0:0:0
0:0:0:0:0:0:0:51:0:59:0:80:0:95
0:0:0:0:0:0:0:0:87:0:80:0:34:0
0:0:0:0:0:87:0:0:0:0:0:34:0:60
0:0:0:0:0:0:0:0:30:0:95:0:60:0

0:2:15:2:0:0:0:0:0:0:0:0:0:0
2:0:1:0:0:0:0:10:0:0:0:0:0:0
15:1:0:0:0:1:0:0:0:0:0:0:0:0
2:0:0:0:11:0:0:0:2:0:0:0:0:0
0:0:0:11:0:4:62:0:0:0:0:0:0:0
0:0:1:0:4:0:0:0:0:18:0:0:5:0
0:0:0:0:62:0:0:4:0:0:0:0:0:0
0:10:0:0:0:0:4:0:0:0:3:0:0:0
0:0:0:2:0:0:0:0:0:0:0:13:0:12
0:0:0:0:0:18:0:0:0:0:32:0:0:0
0:0:0:0:0:0:0:3:0:32:0:9:0:2
0:0:0:0:0:0:0:0:13:0:9:0:16:0
0:0:0:0:0:5:0:0:0:0:0:16:0:19
0:0:0:0:0:0:0:0:12:0:2:0:19:0

8:94
18:91
18:94
18:94
31:91
30:94
27:90
32:90
5:90
10:92
21:97
33:95
30:99
10:97
