0:92:96:97:0:0:0:0:0:0:0:0:0:0
92:0:98:0:0:0:0:90:0:0:0:0:0:0
96:98:0:0:0:95:0:0:0:0:0:0:0:0
97:0:0:0:91:0:0:0:85:0:0:0:0:0
0:0:0:91:0:88:93:0:0:0:0:0:0:0
0:0:95:0:88:0:0:0:0:88:0:0:97:0
0:0:0:0:93:0:0:94:0:0:0:0:0:0
0:90:0:0:0:0:94:0:0:0:97:0:0:0
0:0:0:85:0:0:0:0:0:0:0:94:0:94
0:0:0:0:0:88:0:0:0:0:95:0:0:0
0:0:0:0:0:0:0:97:0:95:0:92:0:86
0:0:0:0:0:0:0:0:94:0:92:0:92:0
0:0:0:0:0:97:0:0:0:0:0:92:0:91
0:0:0:0:0:0:0:0:94:0:86:0:91:0

0:89:89:76:0:0:0:0:0:0:0:0:0:0
89:0:63:0:0:0:0:70:0:0:0:0:0:0
89:63:0:0:0:74:0:0:0:0:0:0:0:0
76:0:0:0:86:0:0:0:51:0:0:0:0:0
0:0:0:86:0:84:80:0:0:0:0:0:0:0
0:0:74:0:84:0:0:0:0:33:0:0:75:0
0:0:0:0:80:0:0:57:0:0:0:0:0:0
0:70:0:0:0:0:57:0:0:0:68:0:0:0
0:0:0:51:0:0:0:0:0:0:0:76:0:39
0:0:0:0:0:33:0:0:0:0:37:0:0:0
0:0:0:0:0:0:0:68:0:37:0:40:0:61
0:0:0:0:0:0:0:0:76:0:40:0:84:0
0:0:0:0:0:75:0:0:0:0:0:84:0:98
0:0:0:0:0:0:0:0:39:0:61:0:98:0

0:11:1:22:0:0:0:0:0:0:0:0:0:0
11:0:1:0:0:0:0:13:0:0:0:0:0:0
1:1:0:0:0:17:0:0:0:0:0:0:0:0
22:0:0:0:7:0:0:0:29:0:0:0:0:0
0:0:0:7:0:8:18:0:0:0:0:0:0:0
0:0:17:0:8:0:0:0:0:61:0:0:8:0
0:0:0:0:18:0:0:35:0:0:0:0:0:0
0:13:0:0:0:0:35:0:0:0:3:0:0:0
0:0:0:29:0:0:0:0:0:0:0:2:0:0
0:0:0:0:0:61:0:0:0:0:33:0:0:0
0:0:0:0:0:0:0:3:0:33:0:18:0:23
0:0:0:0:0:0:0:0:2:0:18:0:6:0
0:0:0:0:0:8:0:0:0:0:0:6:0:2
0:0:0:0:0:0:0:0:0:0:23:0:2:0

33:91
21:96
26:97
27:93
22:98
9:98
7:95
29:98
25:94
25:96
25:92
30:94
20:98
7:98
