0:89:97:85:0:0:0:0:0:0:0:0:0:0
89:0:87:0:0:0:0:99:0:0:0:0:0:0
97:87:0:0:0:92:0:0:0:0:0:0:0:0
85:0:0:0:97:0:0:0:90:0:0:0:0:0
0:0:0:97:0:89:92:0:0:0:0:0:0:0
0:0:92:0:89:0:0:0:0:87:0:0:86:0
0:0:0:0:92:0:0:95:0:0:0:0:0:0
0:99:0:0:0:0:95:0:0:0:89:0:0:0
0:0:0:90:0:0:0:0:0:0:0:93:0:88
0:0:0:0:0:87:0:0:0:0:99:0:0:0
0:0:0:0:0:0:0:89:0:99:0:98:0:93
0:0:0:0:0:0:0:0:93:0:98:0:94:0
0:0:0:0:0:86:0:0:0:0:0:94:0:98
0:0:0:0:0:0:0:0:88:0:93:0:98:0

0:54:90:61:0:0:0:0:0:0:0:0:0:0
54:0:91:0:0:0:0:94:0:0:0:0:0:0
90:91:0:0:0:93:0:0:0:0:0:0:0:0
61:0:0:0:77:0:0:0:57:0:0:0:0:0
0:0:0:77:0:32:35:0:0:0:0:0:0:0
0:0:93:0:32:0:0:0:0:89:0:0:45:0
0:0:0:0:35:0:0:46:0:0:0:0:0:0
0:94:0:0:0:0:46:0:0:0:74:0:0:0
0:0:0:57:0:0:0:0:0:0:0:89:0:44
0:0:0:0:0:89:0:0:0:0:95:0:0:0
0:0:0:0:0:0:0:74:0:95:0:80:0:82
0:0:0:0:0:0:0:0:89:0:80:0:89:0
0:0:0:0:0:45:0:0:0:0:0:89:0:57
0:0:0:0:0:0:0:0:44:0:82:0:57:0

0:19:10:10:0:0:0:0:0:0:0:0:0:0
19:0:9:0:0:0:0:6:0:0:0:0:0:0
10:9:0:0:0:3:0:0:0:0:0:0:0:0
10:0:0:0:19:0:0:0:18:0:0:0:0:0
0:0:0:19:0:39:12:0:0:0:0:0:0:0
0:0:3:0:39:0:0:0:0:10:0:0:1:0
0:0:0:0:12:0:0:18:0:0:0:0:0:0
0:6:0:0:0:0:18:0:0:0:24:0:0:0
0:0:0:18:0:0:0:0:0:0:0:7:0:41
0:0:0:0:0:10:0:0:0:0:1:0:0:0
0:0:0:0:0:0:0:24:0:1:0:7:0:3
0:0:0:0:0:0:0:0:7:0:7:0:8:0
0:0:0:0:0:1:0:0:0:0:0:8:0:24
0:0:0:0:0:0:0:0:41:0:3:0:24:0

19:94
17:92
15:97
13:96
31:93
24:96
18:98
27:93
14:94
20:95
26:94
23:99
10:97
22:95
