0:99:98:96:0:0:0:0:0:0:0:0:0:0
99:0:90:0:0:0:0:99:0:0:0:0:0:0
98:90:0:0:0:88:0:0:0:0:0:0:0:0
96:0:0:0:99:0:0:0:97:0:0:0:0:0
0:0:0:99:0:95:86:0:0:0:0:0:0:0
0:0:88:0:95:0:0:0:0:85:0:0:95:0
0:0:0:0:86:0:0:92:0:0:0:0:0:0
0:99:0:0:0:0:92:0:0:0:85:0:0:0
0:0:0:97:0:0:0:0:0:0:0:87:0:86
0:0:0:0:0:85:0:0:0:0:90:0:0:0
0:0:0:0:0:0:0:85:0:90:0:96:0:91
0:0:0:0:0:0:0:0:87:0:96:0:85:0
0:0:0:0:0:95:0:0:0:0:0:85:0:87
0:0:0:0:0:0:0:0:86:0:91:0:87:0

0:71:50:96:0:0:0:0:0:0:0:0:0:0
71:0:97:0:0:0:0:91:0:0:0:0:0:0
50:97:0:0:0:55:0:0:0:0:0:0:0:0
96:0:0:0:54:0:0:0:38:0:0:0:0:0
0:0:0:54:0:33:64:0:0:0:0:0:0:0
0:0:55:0:33:0:0:0:0:64:0:0:88:0
0:0:0:0:64:0:0:75:0:0:0:0:0:0
0:91:0:0:0:0:75:0:0:0:77:0:0:0
0:0:0:38:0:0:0:0:0:0:0:83:0:70
0:0:0:0:0:64:0:0:0:0:66:0:0:0
0:0:0:0:0:0:0:77:0:66:0:60:0:93
0:0:0:0:0:0:0:0:83:0:60:0:77:0
0:0:0:0:0:88:0:0:0:0:0:77:0:86
0:0:0:0:0:0:0:0:70:0:93:0:86:0

0:19:9:0:0:0:0:0:0:0:0:0:0:0
19:0:1:0:0:0:0:5:0:0:0:0:0:0
9:1:0:0:0:14:0:0:0:0:0:0:0:0
0:0:0:0:5:0:0:0:2:0:0:0:0:0
0:0:0:5:0:46:22:0:0:0:0:0:0:0
0:0:14:0:46:0:0:0:0:19:0:0:1:0
0:0:0:0:22:0:0:3:0:0:0:0:0:0
0:5:0:0:0:0:3:0:0:0:20:0:0:0
0:0:0:2:0:0:0:0:0:0:0:9:0:19
0:0:0:0:0:19:0:0:0:0:0:0:0:0
0:0:0:0:0:0:0:20:0:0:0:17:0:4
0:0:0:0:0:0:0:0:9:0:17:0:2:0
0:0:0:0:0:1:0:0:0:0:0:2:0:0
0:0:0:0:0:0:0:0:19:0:4:0:0:0

26:95
12:96
32:92
33:99
21:96
17:95
15:92
27:98
29:98
13:97
6:93
14:93
29:91
24:95
