0:91:88:90:0:0:0:0:0:0:0:0:0:0
91:0:87:0:0:0:0:94:0:0:0:0:0:0
88:87:0:0:0:98:0:0:0:0:0:0:0:0
90:0:0:0:92:0:0:0:88:0:0:0:0:0
0:0:0:92:0:89:94:0:0:0:0:0:0:0
0:0:98:0:89:0:0:0:0:86:0:0:94:0
0:0:0:0:94:0:0:85:0:0:0:0:0:0
0:94:0:0:0:0:85:0:0:0:85:0:0:0
0:0:0:88:0:0:0:0:0:0:0:85:0:85
0:0:0:0:0:86:0:0:0:0:90:0:0:0
0:0:0:0:0:0:0:85:0:90:0:89:0:95
0:0:0:0:0:0:0:0:85:0:89:0:86:0
0:0:0:0:0:94:0:0:0:0:0:86:0:98
0:0:0:0:0:0:0:0:85:0:95:0:98:0

0:55:32:78:0:0:0:0:0:0:0:0:0:0
55:0:97:0:0:0:0:35:0:0:0:0:0:0
32:97:0:0:0:94:0:0:0:0:0:0:0:0
78:0:0:0:92:0:0:0:68:0:0:0:0:0
0:0:0:92:0:97:81:0:0:0:0:0:0:0
0:0:94:0:97:0:0:0:0:58:0:0:92:0
0:0:0:0:81:0:0:49:0:0:0:0:0:0
0:35:0:0:0:0:49:0:0:0:69:0:0:0
0:0:0:68:0:0:0:0:0:0:0:85:0:91
0:0:0:0:0:58:0:0:0:0:80:0:0:0
0:0:0:0:0:0:0:69:0:80:0:38:0:52
0:0:0:0:0:0:0:0:85:0:38:0:41:0
0:0:0:0:0:92:0:0:0:0:0:41:0:94
0:0:0:0:0:0:0:0:91:0:52:0:94:0

0:10:52:17:0:0:0:0:0:0:0:0:0:0
10:0:3:0:0:0:0:54:0:0:0:0:0:0
52:3:0:0:0:5:0:0:0:0:0:0:0:0
17:0:0:0:4:0:0:0:24:0:0:0:0:0
0:0:0:4:0:1:9:0:0:0:0:0:0:0
0:0:5:0:1:0:0:0:0:34:0:0:5:0
0:0:0:0:9:0:0:24:0:0:0:0:0:0
0:54:0:0:0:0:24:0:0:0:23:0:0:0
0:0:0:24:0:0:0:0:0:0:0:5:0:0
0:0:0:0:0:34:0:0:0:0:2:0:0:0
0:0:0:0:0:0:0:23:0:2:0:49:0:19
0:0:0:0:0:0:0:0:5:0:49:0:22:0
0:0:0:0:0:5:0:0:0:0:0:22:0:5
0:0:0:0:0:0:0:0:0:0:19:0:5:0

32:99
30:97
12:97
27:93
17:99
11:92
8:90
15:98
21:96
7:95
19:97
14:93
26:96
19:91
