0:88:86:88:0:0:0:0:0:0:0:0:0:0
88:0:92:0:0:0:0:89:0:0:0:0:0:0
86:92:0:0:0:85:0:0:0:0:0:0:0:0
88:0:0:0:88:0:0:0:97:0:0:0:0:0
0:0:0:88:0:95:94:0:0:0:0:0:0:0
0:0:85:0:95:0:0:0:0:94:0:0:95:0
0:0:0:0:94:0:0:89:0:0:0:0:0:0
0:89:0:0:0:0:89:0:0:0:97:0:0:0
0:0:0:97:0:0:0:0:0:0:0:95:0:95
0:0:0:0:0:94:0:0:0:0:97:0:0:0
0:0:0:0:0:0:0:97:0:97:0:88:0:90
0:0:0:0:0:0:0:0:95:0:88:0:87:0
0:0:0:0:0:95:0:0:0:0:0:87:0:92
0:0:0:0:0:0:0:0:95:0:90:0:92:0

0:55:95:81:0:0:0:0:0:0:0:0:0:0
55:0:47:0:0:0:0:82:0:0:0:0:0:0
95:47:0:0:0:34:0:0:0:0:0:0:0:0
81:0:0:0:89:0:0:0:46:0:0:0:0:0
0:0:0:89:0:43:38:0:0:0:0:0:0:0
0:0:34:0:43:0:0:0:0:39:0:0:63:0
0:0:0:0:38:0:0:81:0:0:0:0:0:0
0:82:0:0:0:0:81:0:0:0:47:0:0:0
0:0:0:46:0:0:0:0:0:0:0:39:0:76
0:0:0:0:0:39:0:0:0:0:89:0:0:0
0:0:0:0:0:0:0:47:0:89:0:77:0:34
0:0:0:0:0:0:0:0:39:0:77:0:61:0
0:0:0:0:0:63:0:0:0:0:0:61:0:67
0:0:0:0:0:0:0:0:76:0:34:0:67:0

0:6:2:10:0:0:0:0:0:0:0:0:0:0
6:0:0:0:0:0:0:11:0:0:0:0:0:0
2:0:0:0:0:51:0:0:0:0:0:0:0:0
10:0:0:0:10:0:0:0:52:0:0:0:0:0
0:0:0:10:0:6:12:0:0:0:0:0:0:0
0:0:51:0:6:0:0:0:0:45:0:0:34:0
0:0:0:0:12:0:0:12:0:0:0:0:0:0
0:11:0:0:0:0:12:0:0:0:14:0:0:0
0:0:0:52:0:0:0:0:0:0:0:4:0:9
0:0:0:0:0:45:0:0:0:0:3:0:0:0
0:0:0:0:0:0:0:14:0:3:0:19:0:43
0:0:0:0:0:0:0:0:4:0:19:0:2:0
0:0:0:0:0:34:0:0:0:0:0:2:0:29
0:0:0:0:0:0:0:0:9:0:43:0:29:0

23:99
17:96
28:98
26:98
6:94
10:95
6:96
11:95
22:93
33:92
7:93
27:91
9:91
26:98
