0:96:94:94:0:0:0:0:0:0:0:0:0:0
96:0:98:0:0:0:0:86:0:0:0:0:0:0
94:98:0:0:0:91:0:0:0:0:0:0:0:0
94:0:0:0:89:0:0:0:96:0:0:0:0:0
0:0:0:89:0:91:96:0:0:0:0:0:0:0
0:0:91:0:91:0:0:0:0:90:0:0:93:0
0:0:0:0:96:0:0:88:0:0:0:0:0:0
0:86:0:0:0:0:88:0:0:0:85:0:0:0
0:0:0:96:0:0:0:0:0:0:0:93:0:97
0:0:0:0:0:90:0:0:0:0:86:0:0:0
0:0:0:0:0:0:0:85:0:86:0:89:0:87
0:0:0:0:0:0:0:0:93:0:89:0:91:0
0:0:0:0:0:93:0:0:0:0:0:91:0:85
0:0:0:0:0:0:0:0:97:0:87:0:85:0

0:49:56:54:0:0:0:0:0:0:0:0:0:0
49:0:51:0:0:0:0:88:0:0:0:0:0:0
56:51:0:0:0:36:0:0:0:0:0:0:0:0
54:0:0:0:100:0:0:0:78:0:0:0:0:0
0:0:0:100:0:59:56:0:0:0:0:0:0:0
0:0:36:0:59:0:0:0:0:77:0:0:91:0
0:0:0:0:56:0:0:96:0:0:0:0:0:0
0:88:0:0:0:0:96:0:0:0:91:0:0:0
0:0:0:78:0:0:0:0:0:0:0:80:0:91
0:0:0:0:0:77:0:0:0:0:59:0:0:0
0:0:0:0:0:0:0:91:0:59:0:83:0:46
0:0:0:0:0:0:0:0:80:0:83:0:88:0
0:0:0:0:0:91:0:0:0:0:0:88:0:31
0:0:0:0:0:0:0:0:91:0:46:0:31:0

0:14:36:8:0:0:0:0:0:0:0:0:0:0
14:0:21:0:0:0:0:5:0:0:0:0:0:0
36:21:0:0:0:6:0:0:0:0:0:0:0:0
8:0:0:0:0:0:0:0:3:0:0:0:0:0
0:0:0:0:0:40:25:0:0:0:0:0:0:0
0:0:6:0:40:0:0:0:0:19:0:0:3:0
0:0:0:0:25:0:0:3:0:0:0:0:0:0
0:5:0:0:0:0:3:0:0:0:4:0:0:0
0:0:0:3:0:0:0:0:0:0:0:6:0:1
0:0:0:0:0:19:0:0:0:0:23:0:0:0
0:0:0:0:0:0:0:4:0:23:0:14:0:42
0:0:0:0:0:0:0:0:6:0:14:0:5:0
0:0:0:0:0:3:0:0:0:0:0:5:0:39
0:0:0:0:0:0:0:0:1:0:42:0:39:0

35:95
6:96
23:90
5:90
6:95
20:95
29:97
27:95
24:93
24:94
25:96
6:98
28:94
9:95
