0:96:97:90:0:0:0:0:0:0:0:0:0:0
96:0:94:0:0:0:0:97:0:0:0:0:0:0
97:94:0:0:0:91:0:0:0:0:0:0:0:0
90:0:0:0:99:0:0:0:94:0:0:0:0:0
0:0:0:99:0:95:91:0:0:0:0:0:0:0
0:0:91:0:95:0:0:0:0:89:0:0:92:0
0:0:0:0:91:0:0:93:0:0:0:0:0:0
0:97:0:0:0:0:93:0:0:0:94:0:0:0
0:0:0:94:0:0:0:0:0:0:0:93:0:89
0:0:0:0:0:89:0:0:0:0:96:0:0:0
0:0:0:0:0:0:0:94:0:96:0:91:0:86
0:0:0:0:0:0:0:0:93:0:91:0:93:0
0:0:0:0:0:92:0:0:0:0:0:93:0:95
0:0:0:0:0:0:0:0:89:0:86:0:95:0

0:89:77:69:0:0:0:0:0:0:0:0:0:0
89:0:31:0:0:0:0:96:0:0:0:0:0:0
77:31:0:0:0:48:0:0:0:0:0:0:0:0
69:0:0:0:62:0:0:0:96:0:0:0:0:0
0:0:0:62:0:57:31:0:0:0:0:0:0:0
0:0:48:0:57:0:0:0:0:36:0:0:31:0
0:0:0:0:31:0:0:87:0:0:0:0:0:0
0:96:0:0:0:0:87:0:0:0:63:0:0:0
0:0:0:96:0:0:0:0:0:0:0:97:0:79
0:0:0:0:0:36:0:0:0:0:60:0:0:0
0:0:0:0:0:0:0:63:0:60:0:90:0:88
0:0:0:0:0:0:0:0:97:0:90:0:93:0
0:0:0:0:0:31:0:0:0:0:0:93:0:55
0:0:0:0:0:0:0:0:79:0:88:0:55:0

0:3:10:29:0:0:0:0:0:0:0:0:0:0
3:0:61:0:0:0:0:3:0:0:0:0:0:0
10:61:0:0:0:30:0:0:0:0:0:0:0:0
29:0:0:0:10:0:0:0:0:0:0:0:0:0
0:0:0:10:0:22:36:0:0:0:0:0:0:0
0:0:30:0:22:0:0:0:0:3:0:0:56:0
0:0:0:0:36:0:0:0:0:0:0:0:0:0
0:3:0:0:0:0:0:0:0:0:15:0:0:0
0:0:0:0:0:0:0:0:0:0:0:1:0:3
0:0:0:0:0:3:0:0:0:0:12:0:0:0
0:0:0:0:0:0:0:15:0:12:0:7:0:2
0:0:0:0:0:0:0:0:1:0:7:0:2:0
0:0:0:0:0:56:0:0:0:0:0:2:0:12
0:0:0:0:0:0:0:0:3:0:2:0:12:0

24:91
20:94
29:95
20:99
35:92
6:92
7:98
8:91
7:99
5:96
25:96
26:99
23:96
35:98
