0:95:95:89:0:0:0:0:0:0:0:0:0:0
95:0:92:0:0:0:0:91:0:0:0:0:0:0
95:92:0:0:0:92:0:0:0:0:0:0:0:0
89:0:0:0:92:0:0:0:94:0:0:0:0:0
0:0:0:92:0:91:96:0:0:0:0:0:0:0
0:0:92:0:91:0:0:0:0:94:0:0:92:0
0:0:0:0:96:0:0:97:0:0:0:0:0:0
0:91:0:0:0:0:97:0:0:0:89:0:0:0
0:0:0:94:0:0:0:0:0:0:0:92:0:90
0:0:0:0:0:94:0:0:0:0:93:0:0:0
0:0:0:0:0:0:0:89:0:93:0:96:0:89
0:0:0:0:0:0:0:0:92:0:96:0:85:0
0:0:0:0:0:92:0:0:0:0:0:85:0:98
0:0:0:0:0:0:0:0:90:0:89:0:98:0

0:46:67:31:0:0:0:0:0:0:0:0:0:0
46:0:75:0:0:0:0:73:0:0:0:0:0:0
67:75:0:0:0:96:0:0:0:0:0:0:0:0
31:0:0:0:78:0:0:0:34:0:0:0:0:0
0:0:0:78:0:45:38:0:0:0:0:0:0:0
0:0:96:0:45:0:0:0:0:97:0:0:67:0
0:0:0:0:38:0:0:41:0:0:0:0:0:0
0:73:0:0:0:0:41:0:0:0:81:0:0:0
0:0:0:34:0:0:0:0:0:0:0:69:0:90
0:0:0:0:0:97:0:0:0:0:42:0:0:0
0:0:0:0:0:0:0:81:0:42:0:88:0:94
0:0:0:0:0:0:0:0:69:0:88:0:31:0
0:0:0:0:0:67:0:0:0:0:0:31:0:67
0:0:0:0:0:0:0:0:90:0:94:0:67:0

0:29:3:19:0:0:0:0:0:0:0:0:0:0
29:0:5:0:0:0:0:4:0:0:0:0:0:0
3:5:0:0:0:0:0:0:0:0:0:0:0:0
19:0:0:0:7:0:0:0:38:0:0:0:0:0
0:0:0:7:0:1:40:0:0:0:0:0:0:0
0:0:0:0:1:0:0:0:0:0:0:0:9:0
0:0:0:0:40:0:0:22:0:0:0:0:0:0
0:4:0:0:0:0:22:0:0:0:5:0:0:0
0:0:0:38:0:0:0:0:0:0:0:21:0:3
0:0:0:0:0:0:0:0:0:0:58:0:0:0
0:0:0:0:0:0:0:5:0:58:0:0:0:4
0:0:0:0:0:0:0:0:21:0:0:0:52:0
0:0:0:0:0:9:0:0:0:0:0:52:0:15
0:0:0:0:0:0:0:0:3:0:4:0:15:0

14:92
26:96
9:99
28:90
10:93
33:92
16:97
21:96
20:97
21:93
18:97
23:99
29:91
21:96
