0:87:94:91:0:0:0:0:0:0:0:0:0:0
87:0:96:0:0:0:0:89:0:0:0:0:0:0
94:96:0:0:0:99:0:0:0:0:0:0:0:0
91:0:0:0:88:0:0:0:90:0:0:0:0:0
0:0:0:88:0:87:91:0:0:0:0:0:0:0
0:0:99:0:87:0:0:0:0:94:0:0:90:0
0:0:0:0:91:0:0:97:0:0:0:0:0:0
0:89:0:0:0:0:97:0:0:0:96:0:0:0
0:0:0:90:0:0:0:0:0:0:0:93:0:85
0:0:0:0:0:94:0:0:0:0:91:0:0:0
0:0:0:0:0:0:0:96:0:91:0:90:0:97
0:0:0:0:0:0:0:0:93:0:90:0:91:0
0:0:0:0:0:90:0:0:0:0:0:91:0:96
0:0:0:0:0:0:0:0:85:0:97:0:96:0

0:89:49:76:0:0:0:0:0:0:0:0:0:0
89:0:85:0:0:0:0:80:0:0:0:0:0:0
49:85:0:0:0:31:0:0:0:0:0:0:0:0
76:0:0:0:66:0:0:0:42:0:0:0:0:0
0:0:0:66:0:30:82:0:0:0:0:0:0:0
0:0:31:0:30:0:0:0:0:73:0:0:74:0
0:0:0:0:82:0:0:74:0:0:0:0:0:0
0:80:0:0:0:0:74:0:0:0:30:0:0:0
0:0:0:42:0:0:0:0:0:0:0:55:0:82
0:0:0:0:0:73:0:0:0:0:91:0:0:0
0:0:0:0:0:0:0:30:0:91:0:96:0:81
0:0:0:0:0:0:0:0:55:0:96:0:40:0
0:0:0:0:0:74:0:0:0:0:0:40:0:95
0:0:0:0:0:0:0:0:82:0:81:0:95:0

0:0:34:23:0:0:0:0:0:0:0:0:0:0
0:0:15:0:0:0:0:11:0:0:0:0:0:0
34:15:0:0:0:54:0:0:0:0:0:0:0:0
23:0:0:0:10:0:0:0:53:0:0:0:0:0
0:0:0:10:0:44:9:0:0:0:0:0:0:0
0:0:54:0:44:0:0:0:0:11:0:0:11:0
0:0:0:0:9:0:0:14:0:0:0:0:0:0
0:11:0:0:0:0:14:0:0:0:42:0:0:0
0:0:0:53:0:0:0:0:0:0:0:25:0:11
0:0:0:0:0:11:0:0:0:0:7:0:0:0
0:0:0:0:0:0:0:42:0:7:0:1:0:19
0:0:0:0:0:0:0:0:25:0:1:0:57:0
0:0:0:0:0:11:0:0:0:0:0:57:0:5
0:0:0:0:0:0:0:0:11:0:19:0:5:0

7:98
5:95
7:92
22:92
5:98
35:91
14:95
34:98
17:97
24:95
27:98
29:94
9:92
25:94
