0:90:94:99:0:0:0:0:0:0:0:0:0:0
90:0:88:0:0:0:0:91:0:0:0:0:0:0
94:88:0:0:0:88:0:0:0:0:0:0:0:0
99:0:0:0:94:0:0:0:98:0:0:0:0:0
0:0:0:94:0:95:85:0:0:0:0:0:0:0
0:0:88:0:95:0:0:0:0:90:0:0:89:0
0:0:0:0:85:0:0:93:0:0:0:0:0:0
0:91:0:0:0:0:93:0:0:0:91:0:0:0
0:0:0:98:0:0:0:0:0:0:0:99:0:94
0:0:0:0:0:90:0:0:0:0:95:0:0:0
0:0:0:0:0:0:0:91:0:95:0:86:0:95
0:0:0:0:0:0:0:0:99:0:86:0:99:0
0:0:0:0:0:89:0:0:0:0:0:99:0:88
0:0:0:0:0:0:0:0:94:0:95:0:88:0

0:36:87:69:0:0:0:0:0:0:0:0:0:0
36:0:52:0:0:0:0:49:0:0:0:0:0:0
87:52:0:0:0:31:0:0:0:0:0:0:0:0
69:0:0:0:44:0:0:0:72:0:0:0:0:0
0:0:0:44:0:57:63:0:0:0:0:0:0:0
0:0:31:0:57:0:0:0:0:83:0:0:92:0
0:0:0:0:63:0:0:47:0:0:0:0:0:0
0:49:0:0:0:0:47:0:0:0:67:0:0:0
0:0:0:72:0:0:0:0:0:0:0:38:0:41
0:0:0:0:0:83:0:0:0:0:42:0:0:0
0:0:0:0:0:0:0:67:0:42:0:30:0:61
0:0:0:0:0:0:0:0:38:0:30:0:56:0
0:0:0:0:0:92:0:0:0:0:0:56:0:54
0:0:0:0:0:0:0:0:41:0:61:0:54:0

0:13:9:4:0:0:0:0:0:0:0:0:0:0
13:0:15:0:0:0:0:40:0:0:0:0:0:0
9:15:0:0:0:16:0:0:0:0:0:0:0:0
4:0:0:0:12:0:0:0:11:0:0:0:0:0
0:0:0:12:0:35:33:0:0:0:0:0:0:0
0:0:16:0:35:0:0:0:0:0:0:0:4:0
0:0:0:0:33:0:0:0:0:0:0:0:0:0
0:40:0:0:0:0:0:0:0:0:13:0:0:0
0:0:0:11:0:0:0:0:0:0:0:42:0:12
0:0:0:0:0:0:0:0:0:0:6:0:0:0
0:0:0:0:0:0:0:13:0:6:0:26:0:2
0:0:0:0:0:0:0:0:42:0:26:0:9:0
0:0:0:0:0:4:0:0:0:0:0:9:0:12
0:0:0:0:0:0:0:0:12:0:2:0:12:0

19:93
18:97
24:94
9:90
34:94
31:97
24:99
35:91
18:93
22:96
5:98
22:97
12:95
5:98
