0:97:85:91:0:0:0:0:0:0:0:0:0:0
97:0:92:0:0:0:0:89:0:0:0:0:0:0
85:92:0:0:0:89:0:0:0:0:0:0:0:0
91:0:0:0:95:0:0:0:86:0:0:0:0:0
0:0:0:95:0:90:87:0:0:0:0:0:0:0
0:0:89:0:90:0:0:0:0:87:0:0:91:0
0:0:0:0:87:0:0:88:0:0:0:0:0:0
0:89:0:0:0:0:88:0:0:0:89:0:0:0
0:0:0:86:0:0:0:0:0:0:0:86:0:87
0:0:0:0:0:87:0:0:0:0:86:0:0:0
0:0:0:0:0:0:0:89:0:86:0:90:0:90
0:0:0:0:0:0:0:0:86:0:90:0:94:0
0:0:0:0:0:91:0:0:0:0:0:94:0:87
0:0:0:0:0:0:0:0:87:0:90:0:87:0

0:93:58:94:0:0:0:0:0:0:0:0:0:0
93:0:94:0:0:0:0:96:0:0:0:0:0:0
58:94:0:0:0:41:0:0:0:0:0:0:0:0
94:0:0:0:91:0:0:0:43:0:0:0:0:0
0:0:0:91:0:33:94:0:0:0:0:0:0:0
0:0:41:0:33:0:0:0:0:92:0:0:57:0
0:0:0:0:94:0:0:51:0:0:0:0:0:0
0:96:0:0:0:0:51:0:0:0:44:0:0:0
0:0:0:43:0:0:0:0:0:0:0:92:0:53
0:0:0:0:0:92:0:0:0:0:36:0:0:0
0:0:0:0:0:0:0:44:0:36:0:63:0:66
0:0:0:0:0:0:0:0:92:0:63:0:89:0
0:0:0:0:0:57:0:0:0:0:0:89:0:88
0:0:0:0:0:0:0:0:53:0:66:0:88:0

0:6:3:3:0:0:0:0:0:0:0:0:0:0
6:0:6:0:0:0:0:0:0:0:0:0:0:0
3:6:0:0:0:28:0:0:0:0:0:0:0:0
3:0:0:0:3:0:0:0:28:0:0:0:0:0
0:0:0:3:0:55:2:0:0:0:0:0:0:0
0:0:28:0:55:0:0:0:0:1:0:0:29:0
0:0:0:0:2:0:0:43:0:0:0:0:0:0
0:0:0:0:0:0:43:0:0:0:7:0:0:0
0:0:0:28:0:0:0:0:0:0:0:6:0:18
0:0:0:0:0:1:0:0:0:0:0:0:0:0
0:0:0:0:0:0:0:7:0:0:0:20:0:27
0:0:0:0:0:0:0:0:6:0:20:0:7:0
0:0:0:0:0:29:0:0:0:0:0:7:0:11
0:0:0:0:0:0:0:0:18:0:27:0:11:0

5:94
17:95
13:98
19:95
21:96
7:95
25:97
6:99
16:93
8:95
12:90
35:90
7:99
28:99
