0:86:94:99:0:0:0:0:0:0:0:0:0:0
86:0:95:0:0:0:0:90:0:0:0:0:0:0
94:95:0:0:0:93:0:0:0:0:0:0:0:0
99:0:0:0:96:0:0:0:96:0:0:0:0:0
0:0:0:96:0:91:88:0:0:0:0:0:0:0
0:0:93:0:91:0:0:0:0:91:0:0:86:0
0:0:0:0:88:0:0:90:0:0:0:0:0:0
0:90:0:0:0:0:90:0:0:0:91:0:0:0
0:0:0:96:0:0:0:0:0:0:0:91:0:86
0:0:0:0:0:91:0:0:0:0:85:0:0:0
0:0:0:0:0:0:0:91:0:85:0:96:0:99
0:0:0:0:0:0:0:0:91:0:96:0:99:0
0:0:0:0:0:86:0:0:0:0:0:99:0:93
0:0:0:0:0:0:0:0:86:0:99:0:93:0

0:42:100:55:0:0:0:0:0:0:0:0:0:0
42:0:63:0:0:0:0:60:0:0:0:0:0:0
100:63:0:0:0:75:0:0:0:0:0:0:0:0
55:0:0:0:33:0:0:0:60:0:0:0:0:0
0:0:0:33:0:71:53:0:0:0:0:0:0:0
0:0:75:0:71:0:0:0:0:84:0:0:98:0
0:0:0:0:53:0:0:80:0:0:0:0:0:0
0:60:0:0:0:0:80:0:0:0:57:0:0:0
0:0:0:60:0:0:0:0:0:0:0:30:0:37
0:0:0:0:0:84:0:0:0:0:38:0:0:0
0:0:0:0:0:0:0:57:0:38:0:63:0:89
0:0:0:0:0:0:0:0:30:0:63:0:96:0
0:0:0:0:0:98:0:0:0:0:0:96:0:96
0:0:0:0:0:0:0:0:37:0:89:0:96:0

0:43:0:10:0:0:0:0:0:0:0:0:0:0
43:0:27:0:0:0:0:3:0:0:0:0:0:0
0:27:0:0:0:13:0:0:0:0:0:0:0:0
10:0:0:0:46:0:0:0:18:0:0:0:0:0
0:0:0:46:0:7:9:0:0:0:0:0:0:0
0:0:13:0:7:0:0:0:0:7:0:0:0:0
0:0:0:0:9:0:0:14:0:0:0:0:0:0
0:3:0:0:0:0:14:0:0:0:18:0:0:0
0:0:0:18:0:0:0:0:0:0:0:21:0:41
0:0:0:0:0:7:0:0:0:0:19:0:0:0
0:0:0:0:0:0:0:18:0:19:0:32:0:6
0:0:0:0:0:0:0:0:21:0:32:0:0:0
0:0:0:0:0:0:0:0:0:0:0:0:0:2
0:0:0:0:0:0:0:0:41:0:6:0:2:0

13:96
14:99
16:98
8:98
26:96
18:96
22:90
25:98
21:99
31:96
16:95
19:97
5:97
6:94
