0:87:98:94:0:0:0:0:0:0:0:0:0:0
87:0:96:0:0:0:0:86:0:0:0:0:0:0
98:96:0:0:0:92:0:0:0:0:0:0:0:0
94:0:0:0:86:0:0:0:87:0:0:0:0:0
0:0:0:86:0:99:96:0:0:0:0:0:0:0
0:0:92:0:99:0:0:0:0:92:0:0:87:0
0:0:0:0:96:0:0:89:0:0:0:0:0:0
0:86:0:0:0:0:89:0:0:0:85:0:0:0
0:0:0:87:0:0:0:0:0:0:0:93:0:88
0:0:0:0:0:92:0:0:0:0:97:0:0:0
0:0:0:0:0:0:0:85:0:97:0:90:0:99
0:0:0:0:0:0:0:0:93:0:90:0:87:0
0:0:0:0:0:87:0:0:0:0:0:87:0:97
0:0:0:0:0:0:0:0:88:0:99:0:97:0

0:89:38:55:0:0:0:0:0:0:0:0:0:0
89:0:60:0:0:0:0:53:0:0:0:0:0:0
38:60:0:0:0:42:0:0:0:0:0:0:0:0
55:0:0:0:77:0:0:0:79:0:0:0:0:0
0:0:0:77:0:71:81:0:0:0:0:0:0:0
0:0:42:0:71:0:0:0:0:64:0:0:36:0
0:0:0:0:81:0:0:35:0:0:0:0:0:0
0:53:0:0:0:0:35:0:0:0:40:0:0:0
0:0:0:79:0:0:0:0:0:0:0:45:0:62
0:0:0:0:0:64:0:0:0:0:91:0:0:0
0:0:0:0:0:0:0:40:0:91:0:87:0:92
0:0:0:0:0:0:0:0:45:0:87:0:51:0
0:0:0:0:0:36:0:0:0:0:0:51:0:62
0:0:0:0:0:0:0:0:62:0:92:0:62:0

0:10:54:9:0:0:0:0:0:0:0:0:0:0
10:0:29:0:0:0:0:31:0:0:0:0:0:0
54:29:0:0:0:32:0:0:0:0:0:0:0:0
9:0:0:0:13:0:0:0:13:0:0:0:0:0
0:0:0:13:0:9:6:0:0:0:0:0:0:0
0:0:32:0:9:0:0:0:0:23:0:0:31:0
0:0:0:0:6:0:0:64:0:0:0:0:0:0
0:31:0:0:0:0:64:0:0:0:42:0:0:0
0:0:0:13:0:0:0:0:0:0:0:14:0:7
0:0:0:0:0:23:0:0:0:0:1:0:0:0
0:0:0:0:0:0:0:42:0:1:0:0:0:5
0:0:0:0:0:0:0:0:14:0:0:0:13:0
0:0:0:0:0:31:0:0:0:0:0:13:0:1
0:0:0:0:0:0:0:0:7:0:5:0:1:0

22:93
13:95
32:96
15:99
15:92
13:90
19:95
22:94
8:94
10:98
6:90
28:91
16:97
8:96
