0:11:6:10:0:0:0:0:0:0:0:0:0:0
11:0:16:0:0:0:0:28:0:0:0:0:0:0
6:16:0:0:0:20:0:0:0:0:0:0:0:0
10:0:0:0:6:0:0:0:24:0:0:0:0:0
0:0:0:6:0:11:8:0:0:0:0:0:0:0
0:0:20:0:11:0:0:0:0:12:0:0:20:0
0:0:0:0:8:0:0:7:0:0:0:0:0:0
0:28:0:0:0:0:7:0:0:0:7:0:0:0
0:0:0:24:0:0:0:0:0:0:0:8:0:8
0:0:0:0:0:12:0:0:0:0:9:0:0:0
0:0:0:0:0:0:0:7:0:9:0:5:0:5
0:0:0:0:0:0:0:0:8:0:5:0:3:0
0:0:0:0:0:20:0:0:0:0:0:3:0:3
0:0:0:0:0:0:0:0:8:0:5:0:3:0

0:33:36:24:0:0:0:0:0:0:0:0:0:0
33:0:36:0:0:0:0:23:0:0:0:0:0:0
36:36:0:0:0:24:0:0:0:0:0:0:0:0
24:0:0:0:28:0:0:0:36:0:0:0:0:0
0:0:0:28:0:22:21:0:0:0:0:0:0:0
0:0:24:0:22:0:0:0:0:29:0:0:31:0
0:0:0:0:21:0:0:30:0:0:0:0:0:0
0:23:0:0:0:0:30:0:0:0:39:0:0:0
0:0:0:36:0:0:0:0:0:0:0:21:0:21
0:0:0:0:0:29:0:0:0:0:37:0:0:0
0:0:0:0:0:0:0:39:0:37:0:34:0:33
0:0:0:0:0:0:0:0:21:0:34:0:35:0
0:0:0:0:0:31:0:0:0:0:0:35:0:32
0:0:0:0:0:0:0:0:21:0:33:0:32:0

23:0
6:0
9:0
6:0
13:0
12:0
22:0
14:0
15:0
5:0
19:0
6:0
10:0
19:0
